Height/arb.u.	Counts
0	0
0.1	0
0.2	0
0.3	42
0.4	36
0.5	53
0.6	82
0.7	112
0.8	148
0.9	179
1	266
1.1	349
1.2	538
1.3	794
1.4	1146
1.5	1391
1.6	1888
1.7	2284
1.8	2810
1.9	3292
2	4047
2.1	4725
2.2	5079
2.3	5524
2.4	5627
2.5	5555
2.6	5176
2.7	4748
2.8	4639
2.9	4806
3	5559
3.1	6995
3.2	8737
3.3	10714
3.4	13393
3.5	15731
3.6	18020
3.7	19973
3.8	21332
3.9	22489
4	23477
4.1	24575
4.2	25611
4.3	26579
4.4	27315
4.5	28715
4.6	29001
4.7	28981
4.8	27875
4.9	25707
5	22887
5.1	19817
5.2	16652
5.3	14330
5.4	12708
5.5	11200
5.6	10615
5.7	10276
5.8	10031
5.9	9919
6	10018
6.1	10003
6.2	10123
6.3	10080
6.4	10001
6.5	9941
6.6	10052
6.7	10008
6.8	9937
6.9	9869
7	9783
7.1	9618
7.2	9539
7.3	9257
7.4	9055
7.5	8699
7.6	8581
7.7	8517
7.8	8198
7.9	8264
8	7823
8.1	7736
8.2	7518
8.3	7447
8.4	7247
8.5	7098
8.6	6975
8.7	6532
8.8	6566
8.9	6340
9	6097
9.1	5917
9.2	5498
9.3	5239
9.4	4964
9.5	4568
9.6	4397
9.7	4143
9.8	3783
9.9	3566
10	3307
10.1	3116
10.2	2853
10.3	2682
10.4	2617
10.5	2428
10.6	2342
10.7	2275
10.8	2170
10.9	2116
11	2029
11.1	1932
11.2	1935
11.3	1827
11.4	1749
11.5	1684
11.6	1723
11.7	1624
11.8	1544
11.9	1486
12	1495
12.1	1359
12.2	1357
12.3	1303
12.4	1335
12.5	1224
12.6	1129
12.7	1113
12.8	1091
12.9	951
13	959
13.1	925
13.2	919
13.3	868
13.4	830
13.5	761
13.6	704
13.7	684
13.8	660
13.9	608
14	520
14.1	579
14.2	522
14.3	476
14.4	464
14.5	477
14.6	404
14.7	385
14.8	371
14.9	384
15	343
15.1	286
15.2	298
15.3	277
15.4	266
15.5	278
15.6	251
15.7	226
15.8	216
15.9	224
16	199
16.1	192
16.2	206
16.3	179
16.4	173
16.5	160
16.6	163
16.7	164
16.8	133
16.9	151
17	135
17.1	127
17.2	110
17.3	112
17.4	110
17.5	92
17.6	91
17.7	94
17.8	102
17.9	88
18	58
18.1	76
18.2	67
18.3	60
18.4	63
18.5	77
18.6	66
18.7	57
18.8	50
18.9	60
19	35
19.1	44
19.2	51
19.3	42
19.4	36
19.5	39
19.6	48
19.7	37
19.8	36
19.9	31
20	31
20.1	30
20.2	26
20.3	26
20.4	26
20.5	27
20.6	30
20.7	16
20.8	22
20.9	17
21	18
21.1	18
21.2	18
21.3	16
21.4	15
21.5	23
21.6	10
21.7	15
21.8	20
21.9	11
22	19
22.1	14
22.2	14
22.3	10
22.4	11
22.5	15
22.6	6
22.7	21
22.8	9
22.9	6
23	18
23.1	10
23.2	9
23.3	10
23.4	6
23.5	8
23.6	8
23.7	9
23.8	3
23.9	8
24	11
24.1	5
24.2	8
24.3	7
24.4	9
24.5	10
24.6	6
24.7	7
24.8	6
24.9	13
25	6
25.1	6
25.2	4
25.3	9
25.4	6
25.5	3
25.6	3
25.7	6
25.8	3
25.9	5
26	7
26.1	5
26.2	11
26.3	5
26.4	2
26.5	5
26.6	9
26.7	2
26.8	6
26.9	3
27	3
27.1	3
27.2	8
27.3	1
27.4	2
27.5	6
27.6	2
27.7	7
27.8	1
27.9	6
28	3
28.1	3
28.2	2
28.3	1
28.4	2
28.5	6
28.6	4
28.7	2
28.8	2
28.9	4
29	1
29.1	2
29.2	1
29.3	7
29.4	4
29.5	3
29.6	2
29.7	1
29.8	4
29.9	2
30	4
30.1	1
30.2	1
30.3	1
30.4	1
30.5	2
30.6	1
30.7	2
30.8	2
30.9	0
31	4
31.1	1
31.2	3
31.3	3
31.4	3
31.5	3
31.6	1
31.7	3
31.8	5
31.9	0
32	0
32.1	0
32.2	2
32.3	0
32.4	3
32.5	3
32.6	2
32.7	3
32.8	1
32.9	2
33	1
33.1	2
33.2	3
33.3	2
33.4	1
33.5	3
33.6	0
33.7	6
33.8	0
33.9	2
34	1
34.1	5
34.2	3
34.3	0
34.4	1
34.5	3
34.6	3
34.7	3
34.8	3
34.9	4
35	1
35.1	3
35.2	2
35.3	1
35.4	2
35.5	1
35.6	1
35.7	0
35.8	1
35.9	1
36	3
36.1	1
36.2	1
36.3	0
36.4	1
36.5	3
36.6	0
36.7	3
36.8	1
36.9	1
37	2
37.1	4
37.2	4
37.3	0
37.4	3
37.5	3
37.6	1
37.7	1
37.8	2
37.9	0
38	2
38.1	2
38.2	1
38.3	1
38.4	2
38.5	0
38.6	0
38.7	2
38.8	2
38.9	1
39	3
39.1	0
39.2	2
39.3	2
39.4	4
39.5	3
39.6	3
39.7	2
39.8	3
39.9	3
40	2
40.1	3
40.2	3
40.3	1
40.4	0
40.5	3
40.6	2
40.7	0
40.8	2
40.9	3
41	2
41.1	1
41.2	0
41.3	0
41.4	1
41.5	2
41.6	1
41.7	2
41.8	0
41.9	4
42	3
42.1	2
42.2	3
42.3	3
42.4	4
42.5	0
42.6	2
42.7	3
42.8	0
42.9	1
43	1
43.1	0
43.2	1
43.3	0
43.4	0
43.5	2
43.6	2
43.7	2
43.8	2
43.9	1
44	2
44.1	0
44.2	0
44.3	3
44.4	4
44.5	1
44.6	0
44.7	1
44.8	0
44.9	1
45	2
45.1	3
45.2	4
45.3	2
45.4	0
45.5	2
45.6	2
45.7	3
45.8	2
45.9	2
46	0
46.1	1
46.2	1
46.3	3
46.4	1
46.5	0
46.6	1
46.7	1
46.8	1
46.9	1
47	0
47.1	1
47.2	0
47.3	0
47.4	1
47.5	1
47.6	3
47.7	0
47.8	1
47.9	2
48	1
48.1	3
48.2	0
48.3	3
48.4	0
48.5	1
48.6	1
48.7	1
48.8	1
48.9	0
49	2
49.1	1
49.2	0
49.3	0
49.4	1
49.5	1
49.6	0
49.7	0
49.8	1
49.9	1
50	0
50.1	0
50.2	2
50.3	1
50.4	2
50.5	2
50.6	0
50.7	1
50.8	0
50.9	2
51	2
51.1	3
51.2	0
51.3	2
51.4	0
51.5	0
51.6	1
51.7	0
51.8	0
51.9	0
52	1
52.1	1
52.2	0
52.3	1
52.4	1
52.5	0
52.6	0
52.7	2
52.8	1
52.9	2
53	1
53.1	1
53.2	1
53.3	1
53.4	2
53.5	0
53.6	2
53.7	1
53.8	3
53.9	1
54	3
54.1	0
54.2	1
54.3	1
54.4	0
54.5	1
54.6	1
54.7	0
54.8	0
54.9	1
55	1
55.1	0
55.2	1
55.3	1
55.4	4
55.5	0
55.6	1
55.7	0
55.8	1
55.9	2
56	1
56.1	0
56.2	1
56.3	0
56.4	0
56.5	1
56.6	1
56.7	0
56.8	0
56.9	2
57	0
57.1	0
57.2	0
57.3	0
57.4	0
57.5	0
57.6	2
57.7	0
57.8	1
57.9	1
58	0
58.1	0
58.2	0
58.3	1
58.4	1
58.5	0
58.6	0
58.7	0
58.8	3
58.9	1
59	2
59.1	1
59.2	2
59.3	0
59.4	1
59.5	2
59.6	4
59.7	0
59.8	2
59.9	2
60	0
60.1	1
60.2	0
60.3	2
60.4	1
60.5	0
60.6	0
60.7	2
60.8	1
60.9	1
61	0
61.1	2
61.2	1
61.3	0
61.4	1
61.5	1
61.6	0
61.7	2
61.8	0
61.9	0
62	1
62.1	0
62.2	0
62.3	0
62.4	1
62.5	1
62.6	1
62.7	0
62.8	0
62.9	2
63	3
63.1	1
63.2	0
63.3	0
63.4	2
63.5	0
63.6	0
63.7	0
63.8	0
63.9	1
64	0
64.1	0
64.2	0
64.3	0
64.4	1
64.5	4
64.6	0
64.7	2
64.8	2
64.9	2
65	1
65.1	2
65.2	0
65.3	0
65.4	0
65.5	1
65.6	1
65.7	1
65.8	2
65.9	1
66	1
66.1	0
66.2	1
66.3	1
66.4	1
66.5	0
66.6	1
66.7	0
66.8	0
66.9	0
67	0
67.1	0
67.2	1
67.3	1
67.4	0
67.5	0
67.6	1
67.7	0
67.8	0
67.9	0
68	1
68.1	0
68.2	1
68.3	0
68.4	0
68.5	1
68.6	1
68.7	2
68.8	0
68.9	2
69	0
69.1	0
69.2	1
69.3	0
69.4	2
69.5	3
69.6	0
69.7	0
69.8	0
69.9	0
70	2
70.1	1
70.2	1
70.3	0
70.4	0
70.5	1
70.6	0
70.7	0
70.8	1
70.9	0
71	0
71.1	2
71.2	4
71.3	0
71.4	1
71.5	0
71.6	0
71.7	1
71.8	0
71.9	1
72	0
72.1	1
72.2	1
72.3	1
72.4	0
72.5	0
72.6	2
72.7	1
72.8	1
72.9	0
73	1
73.1	0
73.2	2
73.3	0
73.4	0
73.5	2
73.6	1
73.7	2
73.8	1
73.9	0
74	3
74.1	2
74.2	1
74.3	0
74.4	1
74.5	0
74.6	0
74.7	2
74.8	1
74.9	2
75	0
75.1	0
75.2	1
75.3	0
75.4	1
75.5	1
75.6	2
75.7	1
75.8	2
75.9	1
76	0
76.1	2
76.2	0
76.3	2
76.4	0
76.5	1
76.6	2
76.7	0
76.8	0
76.9	1
77	1
77.1	0
77.2	0
77.3	0
77.4	1
77.5	2
77.6	0
77.7	0
77.8	1
77.9	0
78	1
78.1	1
78.2	2
78.3	0
78.4	0
78.5	2
78.6	1
78.7	2
78.8	1
78.9	1
79	3
79.1	0
79.2	0
79.3	2
79.4	0
79.5	0
79.6	0
79.7	1
79.8	1
79.9	1
80	0
80.1	0
80.2	0
80.3	0
80.4	0
80.5	1
80.6	0
80.7	0
80.8	0
80.9	0
81	1
81.1	0
81.2	0
81.3	1
81.4	2
81.5	0
81.6	0
81.7	1
81.8	2
81.9	0
82	0
82.1	0
82.2	0
82.3	0
82.4	1
82.5	0
82.6	0
82.7	0
82.8	0
82.9	1
83	0
83.1	1
83.2	0
83.3	0
83.4	0
83.5	1
83.6	1
83.7	1
83.8	3
83.9	0
84	1
84.1	0
84.2	2
84.3	0
84.4	0
84.5	0
84.6	1
84.7	0
84.8	1
84.9	0
85	0
85.1	0
85.2	0
85.3	0
85.4	2
85.5	0
85.6	2
85.7	0
85.8	2
85.9	0
86	0
86.1	0
86.2	1
86.3	0
86.4	0
86.5	0
86.6	0
86.7	1
86.8	0
86.9	1
87	0
87.1	1
87.2	1
87.3	0
87.4	0
87.5	0
87.6	0
87.7	2
87.8	1
87.9	1
88	1
88.1	0
88.2	0
88.3	1
88.4	0
88.5	0
88.6	0
88.7	2
88.8	2
88.9	1
89	0
89.1	1
89.2	0
89.3	1
89.4	0
89.5	1
89.6	2
89.7	1
89.8	1
89.9	0
90	0
90.1	2
90.2	0
90.3	0
90.4	0
90.5	0
90.6	1
90.7	1
90.8	0
90.9	0
91	0
91.1	1
91.2	1
91.3	0
91.4	2
91.5	1
91.6	0
91.7	1
91.8	0
91.9	0
92	0
92.1	1
92.2	0
92.3	1
92.4	1
92.5	1
92.6	0
92.7	1
92.8	0
92.9	0
93	1
93.1	0
93.2	0
93.3	0
93.4	0
93.5	0
93.6	0
93.7	1
93.8	0
93.9	1
94	1
94.1	1
94.2	0
94.3	1
94.4	1
94.5	0
94.6	0
94.7	0
94.8	1
94.9	3
95	0
95.1	0
95.2	1
95.3	0
95.4	1
95.5	0
95.6	0
95.7	1
95.8	0
95.9	0
96	1
96.1	1
96.2	0
96.3	0
96.4	0
96.5	1
96.6	1
96.7	0
96.8	1
96.9	0
97	0
97.1	1
97.2	0
97.3	0
97.4	0
97.5	1
97.6	2
97.7	0
97.8	0
97.9	1
98	2
98.1	0
98.2	1
98.3	0
98.4	0
98.5	0
98.6	1
98.7	1
98.8	0
98.9	0
99	0
99.1	0
99.2	1
99.3	0
99.4	0
99.5	0
99.6	1
99.7	0
99.8	0
99.9	0
100	0
100.1	0
100.2	0
100.3	1
100.4	0
100.5	0
100.6	0
100.7	0
100.8	0
100.9	1
101	1
101.1	0
101.2	1
101.3	0
101.4	0
101.5	0
101.6	0
101.7	0
101.8	0
101.9	0
102	0
102.1	2
102.2	0
102.3	0
102.4	0
102.5	1
102.6	0
102.7	0
102.8	0
102.9	0
103	0
103.1	0
103.2	0
103.3	0
103.4	0
103.5	0
103.6	0
103.7	0
103.8	0
103.9	0
104	0
104.1	0
104.2	0
104.3	0
104.4	0
104.5	0
104.6	0
104.7	0
104.8	0
104.9	1
105	0
105.1	0
105.2	0
105.3	1
105.4	0
105.5	0
105.6	0
105.7	0
105.8	0
105.9	0
106	0
106.1	0
106.2	1
106.3	0
106.4	0
106.5	0
106.6	0
106.7	0
106.8	0
106.9	0
107	0
107.1	0
107.2	0
107.3	0
107.4	0
107.5	0
107.6	0
107.7	0
107.8	0
107.9	0
108	0
108.1	0
108.2	0
108.3	0
108.4	0
108.5	0
108.6	0
108.7	0
108.8	0
108.9	0
109	0
109.1	0
109.2	0
109.3	0
109.4	1
109.5	2
109.6	0
109.7	1
109.8	0
109.9	0
110	0
110.1	1
110.2	0
110.3	0
110.4	0
110.5	0
110.6	0
110.7	0
110.8	0
110.9	0
111	0
111.1	0
111.2	0
111.3	1
111.4	1
111.5	1
111.6	0
111.7	0
111.8	0
111.9	0
112	0
112.1	0
112.2	0
112.3	1
112.4	0
112.5	0
112.6	0
112.7	0
112.8	1
112.9	1
113	0
113.1	0
113.2	0
113.3	0
113.4	0
113.5	0
113.6	0
113.7	0
113.8	0
113.9	0
114	0
114.1	0
114.2	1
114.3	0
114.4	0
114.5	0
114.6	0
114.7	0
114.8	0
114.9	0
115	0
115.1	0
115.2	0
115.3	0
115.4	0
115.5	0
115.6	0
115.7	0
115.8	1
115.9	1
116	0
116.1	0
116.2	0
116.3	0
116.4	0
116.5	0
116.6	0
116.7	0
116.8	0
116.9	0
117	0
117.1	0
117.2	0
117.3	0
117.4	0
117.5	0
117.6	1
117.7	0
117.8	0
117.9	0
118	0
118.1	1
118.2	0
118.3	0
118.4	0
118.5	0
118.6	1
118.7	0
118.8	1
118.9	0
119	1
119.1	0
119.2	0
119.3	0
119.4	0
119.5	0
119.6	0
119.7	0
119.8	0
119.9	0
120	1
120.1	0
120.2	0
120.3	0
120.4	1
120.5	0
120.6	0
120.7	0
120.8	0
120.9	0
121	0
121.1	0
121.2	0
121.3	0
121.4	1
121.5	1
121.6	0
121.7	0
121.8	0
121.9	0
122	0
122.1	2
122.2	0
122.3	0
122.4	0
122.5	0
122.6	0
122.7	0
122.8	0
122.9	0
123	0
123.1	1
123.2	0
123.3	0
123.4	0
123.5	1
123.6	0
123.7	0
123.8	0
123.9	0
124	0
124.1	0
124.2	0
124.3	0
124.4	2
124.5	0
124.6	0
124.7	0
124.8	0
124.9	0
125	1
125.1	0
125.2	1
125.3	1
125.4	0
125.5	1
125.6	0
125.7	0
125.8	0
125.9	0
126	0
126.1	0
126.2	1
126.3	0
126.4	0
126.5	1
126.6	1
126.7	0
126.8	0
126.9	1
127	0
127.1	0
127.2	0
127.3	0
127.4	0
127.5	0
127.6	0
127.7	0
127.8	0
127.9	2
128	0
128.1	1
128.2	2
128.3	0
128.4	0
128.5	0
128.6	1
128.7	1
128.8	0
128.9	0
129	1
129.1	2
129.2	0
129.3	0
129.4	0
129.5	0
129.6	0
129.7	0
129.8	0
129.9	0
130	2
130.1	0
130.2	1
130.3	0
130.4	0
130.5	0
130.6	0
130.7	0
130.8	0
130.9	0
131	1
131.1	0
131.2	0
131.3	0
131.4	0
131.5	0
131.6	0
131.7	0
131.8	0
131.9	1
132	0
132.1	0
132.2	0
132.3	0
132.4	0
132.5	0
132.6	0
132.7	0
132.8	0
132.9	1
133	0
133.1	0
133.2	1
133.3	1
133.4	1
133.5	0
133.6	0
133.7	0
133.8	0
133.9	2
134	0
134.1	1
134.2	0
134.3	0
134.4	0
134.5	0
134.6	0
134.7	0
134.8	0
134.9	0
135	2
135.1	0
135.2	1
135.3	1
135.4	0
135.5	3
135.6	0
135.7	0
135.8	0
135.9	1
136	0
136.1	0
136.2	0
136.3	0
136.4	1
136.5	0
136.6	0
136.7	0
136.8	0
136.9	0
137	0
137.1	0
137.2	0
137.3	0
137.4	1
137.5	1
137.6	1
137.7	0
137.8	0
137.9	0
138	2
138.1	0
138.2	1
138.3	1
138.4	1
138.5	0
138.6	1
138.7	0
138.8	0
138.9	1
139	0
139.1	1
139.2	0
139.3	1
139.4	0
139.5	0
139.6	0
139.7	0
139.8	0
139.9	0
140	0
140.1	0
140.2	0
140.3	0
140.4	1
140.5	0
140.6	0
140.7	0
140.8	0
140.9	0
141	1
141.1	0
141.2	0
141.3	1
141.4	0
141.5	0
141.6	0
141.7	0
141.8	0
141.9	1
142	0
142.1	1
142.2	1
142.3	0
142.4	1
142.5	0
142.6	0
142.7	0
142.8	1
142.9	0
143	0
143.1	0
143.2	1
143.3	0
143.4	0
143.5	0
143.6	1
143.7	0
143.8	0
143.9	0
144	0
144.1	0
144.2	1
