Height/arb.u.	Counts
0	0
0.1	0
0.2	0
0.3	579
0.4	632
0.5	812
0.6	696
0.7	473
0.8	337
0.9	311
1	330
1.1	358
1.2	362
1.3	440
1.4	465
1.5	576
1.6	807
1.7	1076
1.8	1692
1.9	2518
2	3993
2.1	6212
2.2	8793
2.3	11373
2.4	13207
2.5	13499
2.6	12368
2.7	10278
2.8	8125
2.9	6021
3	4539
3.1	3396
3.2	2749
3.3	2238
3.4	2126
3.5	2123
3.6	2111
3.7	2265
3.8	2488
3.9	2592
4	2877
4.1	2970
4.2	3157
4.3	3172
4.4	3441
4.5	3505
4.6	3743
4.7	3960
4.8	4140
4.9	4384
5	4769
5.1	4753
5.2	5037
5.3	5145
5.4	5463
5.5	5643
5.6	5913
5.7	6515
5.8	6917
5.9	7403
6	8103
6.1	8344
6.2	8665
6.3	8489
6.4	8471
6.5	7678
6.6	7058
6.7	6215
6.8	5194
6.9	4330
7	3699
7.1	3147
7.2	2788
7.3	2453
7.4	2266
7.5	2130
7.6	2059
7.7	2051
7.8	2169
7.9	2038
8	2090
8.1	2159
8.2	2202
8.3	2286
8.4	2309
8.5	2240
8.6	2238
8.7	2183
8.8	2292
8.9	2273
9	2213
9.1	2242
9.2	2257
9.3	2178
9.4	2082
9.5	2032
9.6	2135
9.7	2103
9.8	2107
9.9	2136
10	2048
10.1	2181
10.2	2216
10.3	2222
10.4	2267
10.5	2316
10.6	2314
10.7	2332
10.8	2337
10.9	2429
11	2334
11.1	2453
11.2	2465
11.3	2397
11.4	2508
11.5	2417
11.6	2341
11.7	2350
11.8	2283
11.9	2399
12	2309
12.1	2303
12.2	2242
12.3	2210
12.4	2175
12.5	2121
12.6	2082
12.7	2008
12.8	2015
12.9	1880
13	1970
13.1	1858
13.2	1833
13.3	1836
13.4	1778
13.5	1695
13.6	1676
13.7	1676
13.8	1660
13.9	1644
14	1618
14.1	1511
14.2	1455
14.3	1520
14.4	1528
14.5	1460
14.6	1506
14.7	1469
14.8	1373
14.9	1381
15	1228
15.1	1372
15.2	1251
15.3	1271
15.4	1219
15.5	1277
15.6	1316
15.7	1233
15.8	1278
15.9	1354
16	1273
16.1	1217
16.2	1214
16.3	1271
16.4	1334
16.5	1245
16.6	1250
16.7	1266
16.8	1258
16.9	1210
17	1334
17.1	1292
17.2	1291
17.3	1243
17.4	1292
17.5	1290
17.6	1310
17.7	1349
17.8	1336
17.9	1325
18	1372
18.1	1519
18.2	1439
18.3	1548
18.4	1456
18.5	1550
18.6	1609
18.7	1663
18.8	1633
18.9	1679
19	1737
19.1	1785
19.2	1744
19.3	1799
19.4	1901
19.5	2030
19.6	2057
19.7	2026
19.8	2093
19.9	2090
20	2149
20.1	2239
20.2	2215
20.3	2246
20.4	2268
20.5	2266
20.6	2375
20.7	2381
20.8	2379
20.9	2402
21	2420
21.1	2509
21.2	2553
21.3	2632
21.4	2565
21.5	2533
21.6	2651
21.7	2513
21.8	2520
21.9	2494
22	2613
22.1	2535
22.2	2538
22.3	2425
22.4	2410
22.5	2418
22.6	2293
22.7	2315
22.8	2321
22.9	2321
23	2492
23.1	2435
23.2	2445
23.3	2442
23.4	2489
23.5	2700
23.6	2608
23.7	2673
23.8	2958
23.9	2937
24	3125
24.1	3172
24.2	3315
24.3	3371
24.4	3521
24.5	3617
24.6	3697
24.7	3787
24.8	3748
24.9	3986
25	3926
25.1	3949
25.2	3901
25.3	3770
25.4	3771
25.5	3732
25.6	3718
25.7	3617
25.8	3457
25.9	3316
26	3230
26.1	3145
26.2	3062
26.3	2913
26.4	2785
26.5	2521
26.6	2493
26.7	2212
26.8	2178
26.9	2088
27	1962
27.1	1883
27.2	1809
27.3	1707
27.4	1596
27.5	1454
27.6	1458
27.7	1455
27.8	1326
27.9	1248
28	1165
28.1	1208
28.2	1165
28.3	1065
28.4	1017
28.5	968
28.6	957
28.7	929
28.8	902
28.9	877
29	855
29.1	813
29.2	736
29.3	746
29.4	725
29.5	691
29.6	686
29.7	639
29.8	604
29.9	651
30	619
30.1	605
30.2	624
30.3	560
30.4	585
30.5	557
30.6	584
30.7	585
30.8	556
30.9	546
31	540
31.1	533
31.2	488
31.3	501
31.4	512
31.5	527
31.6	515
31.7	475
31.8	455
31.9	463
32	496
32.1	472
32.2	463
32.3	395
32.4	374
32.5	381
32.6	399
32.7	376
32.8	358
32.9	375
33	324
33.1	309
33.2	317
33.3	315
33.4	310
33.5	331
33.6	283
33.7	304
33.8	289
33.9	270
34	276
34.1	248
34.2	213
34.3	243
34.4	238
34.5	222
34.6	208
34.7	232
34.8	229
34.9	194
35	205
35.1	229
35.2	210
35.3	219
35.4	189
35.5	192
35.6	188
35.7	190
35.8	186
35.9	192
36	191
36.1	179
36.2	174
36.3	191
36.4	192
36.5	198
36.6	182
36.7	171
36.8	174
36.9	195
37	163
37.1	183
37.2	163
37.3	180
37.4	169
37.5	166
37.6	158
37.7	157
37.8	176
37.9	143
38	185
38.1	162
38.2	143
38.3	146
38.4	150
38.5	133
38.6	143
38.7	164
38.8	154
38.9	146
39	142
39.1	142
39.2	135
39.3	153
39.4	161
39.5	131
39.6	126
39.7	141
39.8	129
39.9	113
40	128
40.1	126
40.2	104
40.3	118
40.4	122
40.5	131
40.6	107
40.7	104
40.8	116
40.9	100
41	94
41.1	105
41.2	109
41.3	110
41.4	105
41.5	106
41.6	99
41.7	117
41.8	121
41.9	101
42	115
42.1	106
42.2	99
42.3	104
42.4	115
42.5	102
42.6	90
42.7	112
42.8	113
42.9	84
43	87
43.1	110
43.2	104
43.3	96
43.4	84
43.5	87
43.6	110
43.7	97
43.8	101
43.9	107
44	96
44.1	91
44.2	76
44.3	114
44.4	100
44.5	101
44.6	77
44.7	91
44.8	77
44.9	79
45	95
45.1	61
45.2	85
45.3	79
45.4	83
45.5	86
45.6	82
45.7	78
45.8	85
45.9	74
46	87
46.1	89
46.2	76
46.3	112
46.4	71
46.5	77
46.6	80
46.7	77
46.8	79
46.9	80
47	84
47.1	70
47.2	64
47.3	84
47.4	67
47.5	65
47.6	65
47.7	81
47.8	83
47.9	84
48	64
48.1	60
48.2	58
48.3	68
48.4	66
48.5	73
48.6	72
48.7	78
48.8	77
48.9	76
49	63
49.1	62
49.2	63
49.3	62
49.4	61
49.5	64
49.6	66
49.7	53
49.8	73
49.9	54
50	62
50.1	60
50.2	58
50.3	48
50.4	37
50.5	53
50.6	50
50.7	51
50.8	34
50.9	43
51	47
51.1	71
51.2	51
51.3	46
51.4	46
51.5	47
51.6	47
51.7	41
51.8	43
51.9	41
52	39
52.1	42
52.2	37
52.3	39
52.4	38
52.5	39
52.6	33
52.7	36
52.8	40
52.9	27
53	39
53.1	29
53.2	22
53.3	35
53.4	20
53.5	24
53.6	25
53.7	26
53.8	22
53.9	32
54	24
54.1	22
54.2	23
54.3	18
54.4	22
54.5	28
54.6	21
54.7	17
54.8	23
54.9	20
55	30
55.1	16
55.2	18
55.3	10
55.4	15
55.5	17
55.6	13
55.7	13
55.8	21
55.9	24
56	10
56.1	10
56.2	11
56.3	10
56.4	11
56.5	8
56.6	6
56.7	17
56.8	8
56.9	9
57	8
57.1	12
57.2	16
57.3	8
57.4	11
57.5	14
57.6	16
57.7	8
57.8	8
57.9	13
58	9
58.1	12
58.2	10
58.3	12
58.4	7
58.5	12
58.6	9
58.7	5
58.8	5
58.9	5
59	10
59.1	11
59.2	11
59.3	7
59.4	9
59.5	5
59.6	13
59.7	12
59.8	4
59.9	6
60	6
60.1	5
60.2	3
60.3	9
60.4	5
60.5	6
60.6	8
60.7	10
60.8	4
60.9	5
61	4
61.1	6
61.2	5
61.3	5
61.4	4
61.5	4
61.6	8
61.7	3
61.8	2
61.9	8
62	4
62.1	4
62.2	4
62.3	3
62.4	4
62.5	6
62.6	2
62.7	2
62.8	11
62.9	9
63	6
63.1	3
63.2	5
63.3	5
63.4	3
63.5	6
63.6	3
63.7	8
63.8	4
63.9	3
64	2
64.1	5
64.2	2
64.3	2
64.4	3
64.5	0
64.6	1
64.7	1
64.8	4
64.9	3
65	3
65.1	3
65.2	2
65.3	3
65.4	3
65.5	8
65.6	5
65.7	1
65.8	5
65.9	2
66	2
66.1	5
66.2	8
66.3	3
66.4	0
66.5	5
66.6	6
66.7	7
66.8	4
66.9	4
67	1
67.1	6
67.2	2
67.3	1
67.4	6
67.5	2
67.6	1
67.7	4
67.8	1
67.9	2
68	1
68.1	2
68.2	2
68.3	2
68.4	0
68.5	2
68.6	2
68.7	1
68.8	3
68.9	2
69	5
69.1	0
69.2	0
69.3	3
69.4	2
69.5	0
69.6	4
69.7	1
69.8	3
69.9	3
70	3
70.1	0
70.2	3
70.3	2
70.4	2
70.5	5
70.6	2
70.7	5
70.8	8
70.9	0
71	2
71.1	2
71.2	0
71.3	4
71.4	3
71.5	2
71.6	2
71.7	3
71.8	1
71.9	4
72	3
72.1	2
72.2	3
72.3	0
72.4	4
72.5	2
72.6	2
72.7	2
72.8	2
72.9	1
73	1
73.1	0
73.2	0
73.3	4
73.4	3
73.5	1
73.6	2
73.7	1
73.8	1
73.9	2
74	0
74.1	2
74.2	1
74.3	2
74.4	1
74.5	2
74.6	1
74.7	0
74.8	2
74.9	2
75	2
75.1	1
75.2	4
75.3	1
75.4	2
75.5	0
75.6	1
75.7	6
75.8	4
75.9	0
76	3
76.1	1
76.2	1
76.3	0
76.4	1
76.5	4
76.6	0
76.7	3
76.8	1
76.9	0
77	1
77.1	1
77.2	2
77.3	0
77.4	0
77.5	1
77.6	1
77.7	1
77.8	1
77.9	0
78	1
78.1	1
78.2	2
78.3	1
78.4	2
78.5	2
78.6	0
78.7	0
78.8	0
78.9	0
79	0
79.1	1
79.2	2
79.3	1
79.4	0
79.5	0
79.6	1
79.7	0
79.8	0
79.9	0
80	0
80.1	0
80.2	1
80.3	0
80.4	0
80.5	1
80.6	0
80.7	0
80.8	1
80.9	0
81	0
81.1	3
81.2	1
81.3	1
81.4	2
81.5	1
81.6	0
81.7	0
81.8	2
81.9	1
82	0
82.1	1
82.2	0
82.3	1
82.4	3
82.5	0
82.6	0
82.7	1
82.8	1
82.9	1
83	2
83.1	0
83.2	1
83.3	0
83.4	0
83.5	0
83.6	0
83.7	1
83.8	1
83.9	0
84	0
84.1	0
84.2	0
84.3	0
84.4	2
84.5	0
84.6	0
84.7	1
84.8	0
84.9	1
85	0
85.1	0
85.2	1
85.3	2
85.4	0
85.5	0
85.6	0
85.7	0
85.8	0
85.9	0
86	0
86.1	1
86.2	0
86.3	0
86.4	1
86.5	0
86.6	0
86.7	1
86.8	2
86.9	2
87	0
87.1	1
87.2	1
87.3	1
87.4	1
87.5	0
87.6	0
87.7	3
87.8	3
87.9	1
88	0
88.1	1
88.2	1
88.3	0
88.4	0
88.5	0
88.6	0
88.7	1
88.8	0
88.9	0
89	0
89.1	0
89.2	0
89.3	1
89.4	0
89.5	0
89.6	2
89.7	1
89.8	2
89.9	1
90	0
90.1	2
90.2	3
90.3	0
90.4	0
90.5	0
90.6	1
90.7	0
90.8	1
90.9	0
91	0
91.1	1
91.2	0
91.3	0
91.4	0
91.5	1
91.6	1
91.7	0
91.8	0
91.9	0
92	0
92.1	0
92.2	1
92.3	0
92.4	0
92.5	1
92.6	0
92.7	0
92.8	0
92.9	0
93	1
93.1	1
93.2	1
93.3	0
93.4	1
93.5	0
93.6	0
93.7	2
93.8	1
93.9	1
94	0
94.1	0
94.2	1
94.3	0
94.4	3
94.5	1
94.6	0
94.7	0
94.8	1
94.9	0
95	0
95.1	0
95.2	0
95.3	0
95.4	0
95.5	0
95.6	0
95.7	0
95.8	0
95.9	0
96	0
96.1	0
96.2	0
96.3	0
96.4	0
96.5	2
96.6	0
96.7	0
96.8	1
96.9	0
97	1
97.1	0
97.2	0
97.3	0
97.4	1
97.5	0
97.6	0
97.7	0
97.8	0
97.9	0
98	0
98.1	0
98.2	0
98.3	0
98.4	0
98.5	0
98.6	0
98.7	1
98.8	0
98.9	1
99	1
99.1	0
99.2	1
99.3	1
99.4	0
99.5	0
99.6	1
99.7	0
99.8	1
99.9	0
100	2
100.1	0
100.2	1
100.3	0
100.4	0
100.5	0
100.6	1
100.7	0
100.8	0
100.9	0
101	0
101.1	1
101.2	0
101.3	0
101.4	1
101.5	0
101.6	0
101.7	0
101.8	0
101.9	0
102	1
102.1	0
102.2	0
102.3	0
102.4	0
102.5	1
102.6	0
102.7	0
102.8	2
102.9	0
103	0
103.1	1
103.2	0
103.3	0
103.4	0
103.5	0
103.6	0
103.7	0
103.8	0
103.9	0
104	0
104.1	1
104.2	1
104.3	0
104.4	0
104.5	1
104.6	0
104.7	0
104.8	0
104.9	0
105	0
105.1	0
105.2	0
105.3	1
105.4	0
105.5	0
105.6	0
105.7	0
105.8	0
105.9	0
106	0
106.1	0
106.2	1
106.3	0
106.4	0
106.5	0
106.6	0
106.7	0
106.8	0
106.9	0
107	0
107.1	0
107.2	0
107.3	0
107.4	0
107.5	0
107.6	0
107.7	0
107.8	0
107.9	1
108	0
108.1	0
108.2	0
108.3	0
108.4	0
108.5	0
108.6	0
108.7	0
108.8	0
108.9	1
109	0
109.1	0
109.2	0
109.3	0
109.4	0
109.5	2
109.6	0
109.7	0
109.8	0
109.9	0
110	0
110.1	0
110.2	0
110.3	1
110.4	1
110.5	1
110.6	0
110.7	0
110.8	0
110.9	0
111	0
111.1	0
111.2	0
111.3	0
111.4	0
111.5	0
111.6	0
111.7	1
111.8	0
111.9	0
112	0
112.1	1
112.2	1
112.3	2
112.4	1
112.5	1
112.6	0
112.7	0
112.8	0
112.9	0
113	0
113.1	0
113.2	1
113.3	1
113.4	0
113.5	1
113.6	0
113.7	0
113.8	0
113.9	1
114	0
114.1	0
114.2	0
114.3	0
114.4	0
114.5	0
114.6	0
114.7	1
114.8	0
114.9	0
115	0
115.1	0
115.2	0
115.3	0
115.4	0
115.5	0
115.6	0
115.7	0
115.8	0
115.9	0
116	0
116.1	0
116.2	0
116.3	0
116.4	0
116.5	0
116.6	1
116.7	0
116.8	0
116.9	0
117	0
117.1	0
117.2	1
117.3	0
117.4	0
117.5	0
117.6	0
117.7	0
117.8	0
117.9	0
118	0
118.1	0
118.2	0
118.3	0
118.4	1
118.5	0
118.6	0
118.7	1
118.8	0
118.9	0
119	0
119.1	0
119.2	0
119.3	1
119.4	0
119.5	0
119.6	0
119.7	0
119.8	0
119.9	0
120	1
120.1	0
120.2	0
120.3	0
120.4	0
120.5	0
120.6	0
120.7	0
120.8	0
120.9	0
121	0
121.1	0
121.2	0
121.3	0
121.4	0
121.5	0
121.6	0
121.7	0
121.8	0
121.9	0
122	0
122.1	0
122.2	0
122.3	0
122.4	1
122.5	0
122.6	0
122.7	0
122.8	0
122.9	0
123	0
123.1	0
123.2	0
123.3	0
123.4	0
123.5	0
123.6	1
123.7	0
123.8	0
123.9	0
124	0
124.1	0
124.2	0
124.3	1
124.4	0
124.5	0
124.6	0
124.7	0
124.8	1
124.9	0
125	2
125.1	0
125.2	0
125.3	0
125.4	0
125.5	0
125.6	0
125.7	0
125.8	0
125.9	0
126	0
126.1	0
126.2	0
126.3	0
126.4	2
126.5	0
126.6	0
126.7	1
126.8	2
126.9	0
127	0
127.1	0
127.2	0
127.3	1
127.4	3
127.5	2
127.6	0
127.7	1
127.8	0
127.9	0
128	0
128.1	0
128.2	0
128.3	1
128.4	0
128.5	0
128.6	0
128.7	0
128.8	0
128.9	0
129	0
129.1	0
129.2	0
129.3	1
129.4	2
129.5	1
129.6	0
129.7	1
129.8	1
129.9	0
130	0
130.1	0
130.2	0
130.3	0
130.4	0
130.5	1
130.6	1
130.7	0
130.8	0
130.9	0
131	0
131.1	0
131.2	0
131.3	0
131.4	0
131.5	0
131.6	1
131.7	0
131.8	0
131.9	1
132	0
132.1	0
132.2	1
132.3	0
132.4	0
132.5	0
132.6	0
132.7	1
132.8	0
132.9	0
133	0
133.1	0
133.2	0
133.3	0
133.4	0
133.5	1
133.6	0
133.7	0
133.8	0
133.9	0
134	1
134.1	0
134.2	0
134.3	0
134.4	0
134.5	0
134.6	1
134.7	0
134.8	0
134.9	1
135	1
135.1	1
135.2	0
135.3	1
135.4	1
135.5	0
135.6	0
135.7	0
135.8	0
135.9	0
136	0
136.1	0
136.2	0
136.3	0
136.4	0
136.5	0
136.6	0
136.7	0
136.8	0
136.9	0
137	0
137.1	0
137.2	0
137.3	1
137.4	0
137.5	0
137.6	0
137.7	0
137.8	1
137.9	0
138	1
138.1	0
138.2	2
138.3	0
138.4	0
138.5	0
138.6	0
138.7	0
138.8	0
138.9	1
139	1
139.1	0
139.2	1
139.3	0
139.4	0
139.5	0
139.6	0
139.7	0
139.8	0
139.9	1
140	1
140.1	0
140.2	1
140.3	1
140.4	0
140.5	0
140.6	0
140.7	0
140.8	0
140.9	0
141	1
141.1	1
141.2	0
141.3	0
141.4	1
141.5	0
141.6	0
141.7	0
141.8	1
141.9	0
142	0
142.1	2
142.2	0
142.3	0
142.4	0
142.5	0
142.6	0
142.7	0
142.8	0
142.9	0
143	1
143.1	2
143.2	0
143.3	1
143.4	0
143.5	0
143.6	0
143.7	0
143.8	0
143.9	0
144	1
144.1	0
144.2	0
144.3	0
144.4	0
144.5	1
144.6	0
144.7	0
144.8	1
