Height/arb.u.	Counts
0	0
0.1	0
0.2	0
0.3	1439
0.4	609
0.5	290
0.6	198
0.7	137
0.8	112
0.9	120
1	137
1.1	119
1.2	133
1.3	140
1.4	128
1.5	135
1.6	137
1.7	137
1.8	142
1.9	140
2	151
2.1	171
2.2	195
2.3	161
2.4	203
2.5	198
2.6	201
2.7	218
2.8	193
2.9	227
3	213
3.1	226
3.2	220
3.3	263
3.4	282
3.5	294
3.6	309
3.7	334
3.8	349
3.9	333
4	335
4.1	410
4.2	401
4.3	434
4.4	433
4.5	456
4.6	520
4.7	561
4.8	603
4.9	610
5	670
5.1	685
5.2	702
5.3	771
5.4	821
5.5	830
5.6	904
5.7	913
5.8	908
5.9	886
6	862
6.1	861
6.2	852
6.3	770
6.4	773
6.5	792
6.6	733
6.7	754
6.8	741
6.9	671
7	674
7.1	682
7.2	663
7.3	641
7.4	636
7.5	661
7.6	660
7.7	649
7.8	656
7.9	667
8	638
8.1	609
8.2	615
8.3	643
8.4	589
8.5	609
8.6	637
8.7	551
8.8	577
8.9	585
9	620
9.1	561
9.2	579
9.3	561
9.4	530
9.5	518
9.6	595
9.7	550
9.8	550
9.9	526
10	485
10.1	490
10.2	533
10.3	484
10.4	545
10.5	498
10.6	498
10.7	475
10.8	469
10.9	455
11	501
11.1	460
11.2	444
11.3	457
11.4	415
11.5	414
11.6	416
11.7	435
11.8	387
11.9	361
12	406
12.1	390
12.2	382
12.3	400
12.4	392
12.5	378
12.6	364
12.7	340
12.8	379
12.9	388
13	350
13.1	357
13.2	367
13.3	363
13.4	352
13.5	330
13.6	327
13.7	346
13.8	307
13.9	315
14	313
14.1	318
14.2	298
14.3	316
14.4	268
14.5	317
14.6	291
14.7	280
14.8	261
14.9	276
15	277
15.1	268
15.2	250
15.3	244
15.4	240
15.5	257
15.6	224
15.7	247
15.8	243
15.9	217
16	196
16.1	232
16.2	239
16.3	206
16.4	231
16.5	249
16.6	204
16.7	199
16.8	198
16.9	191
17	174
17.1	180
17.2	201
17.3	176
17.4	190
17.5	175
17.6	168
17.7	169
17.8	157
17.9	166
18	149
18.1	148
18.2	156
18.3	174
18.4	165
18.5	161
18.6	146
18.7	131
18.8	133
18.9	131
19	130
19.1	143
19.2	123
19.3	130
19.4	122
19.5	130
19.6	141
19.7	105
19.8	114
19.9	114
20	110
20.1	113
20.2	112
20.3	122
20.4	108
20.5	117
20.6	119
20.7	116
20.8	109
20.9	93
21	99
21.1	117
21.2	106
21.3	101
21.4	103
21.5	95
21.6	106
21.7	86
21.8	87
21.9	100
22	97
22.1	80
22.2	90
22.3	97
22.4	89
22.5	90
22.6	100
22.7	81
22.8	85
22.9	99
23	108
23.1	89
23.2	104
23.3	106
23.4	79
23.5	100
23.6	84
23.7	89
23.8	85
23.9	71
24	113
24.1	96
24.2	86
24.3	97
24.4	83
24.5	70
24.6	67
24.7	81
24.8	89
24.9	54
25	71
25.1	80
25.2	77
25.3	77
25.4	69
25.5	74
25.6	73
25.7	67
25.8	59
25.9	69
26	69
26.1	70
26.2	72
26.3	53
26.4	58
26.5	58
26.6	55
26.7	59
26.8	52
26.9	56
27	71
27.1	46
27.2	43
27.3	57
27.4	49
27.5	50
27.6	53
27.7	58
27.8	63
27.9	51
28	50
28.1	46
28.2	47
28.3	48
28.4	52
28.5	44
28.6	47
28.7	49
28.8	54
28.9	43
29	56
29.1	43
29.2	58
29.3	43
29.4	51
29.5	47
29.6	55
29.7	59
29.8	32
29.9	49
30	45
30.1	57
30.2	46
30.3	49
30.4	46
30.5	52
30.6	41
30.7	43
30.8	30
30.9	28
31	42
31.1	40
31.2	45
31.3	44
31.4	46
31.5	35
31.6	35
31.7	42
31.8	45
31.9	43
32	31
32.1	43
32.2	42
32.3	35
32.4	42
32.5	44
32.6	57
32.7	40
32.8	36
32.9	57
33	25
33.1	58
33.2	29
33.3	47
33.4	46
33.5	31
33.6	38
33.7	49
33.8	38
33.9	36
34	38
34.1	36
34.2	40
34.3	44
34.4	28
34.5	53
34.6	38
34.7	36
34.8	39
34.9	36
35	36
35.1	39
35.2	35
35.3	27
35.4	44
35.5	33
35.6	33
35.7	24
35.8	35
35.9	39
36	30
36.1	22
36.2	30
36.3	33
36.4	20
36.5	26
36.6	36
36.7	33
36.8	38
36.9	34
37	21
37.1	24
37.2	27
37.3	28
37.4	25
37.5	37
37.6	19
37.7	33
37.8	21
37.9	40
38	28
38.1	35
38.2	35
38.3	32
38.4	36
38.5	40
38.6	24
38.7	31
38.8	35
38.9	34
39	32
39.1	30
39.2	30
39.3	25
39.4	25
39.5	30
39.6	25
39.7	32
39.8	38
39.9	30
40	27
40.1	27
40.2	28
40.3	31
40.4	34
40.5	28
40.6	35
40.7	29
40.8	45
40.9	37
41	25
41.1	32
41.2	42
41.3	41
41.4	42
41.5	34
41.6	30
41.7	35
41.8	33
41.9	30
42	38
42.1	35
42.2	33
42.3	25
42.4	34
42.5	34
42.6	29
42.7	34
42.8	32
42.9	25
43	22
43.1	29
43.2	32
43.3	26
43.4	29
43.5	24
43.6	27
43.7	28
43.8	33
43.9	19
44	20
44.1	31
44.2	22
44.3	24
44.4	25
44.5	21
44.6	28
44.7	18
44.8	18
44.9	27
45	21
45.1	26
45.2	16
45.3	26
45.4	23
45.5	18
45.6	22
45.7	31
45.8	15
45.9	12
46	24
46.1	20
46.2	21
46.3	13
46.4	26
46.5	15
46.6	22
46.7	17
46.8	26
46.9	17
47	22
47.1	22
47.2	17
47.3	23
47.4	32
47.5	18
47.6	18
47.7	23
47.8	21
47.9	17
48	8
48.1	20
48.2	23
48.3	20
48.4	18
48.5	19
48.6	17
48.7	14
48.8	13
48.9	14
49	17
49.1	22
49.2	16
49.3	23
49.4	17
49.5	14
49.6	28
49.7	13
49.8	14
49.9	22
50	24
50.1	15
50.2	16
50.3	14
50.4	12
50.5	22
50.6	23
50.7	18
50.8	21
50.9	16
51	18
51.1	25
51.2	10
51.3	25
51.4	15
51.5	10
51.6	19
51.7	16
51.8	19
51.9	18
52	28
52.1	17
52.2	19
52.3	14
52.4	16
52.5	16
52.6	14
52.7	19
52.8	22
52.9	16
53	16
53.1	24
53.2	10
53.3	12
53.4	21
53.5	27
53.6	29
53.7	18
53.8	22
53.9	19
54	16
54.1	13
54.2	18
54.3	11
54.4	15
54.5	20
54.6	15
54.7	16
54.8	18
54.9	26
55	17
55.1	13
55.2	11
55.3	13
55.4	15
55.5	11
55.6	21
55.7	10
55.8	16
55.9	14
56	11
56.1	20
56.2	13
56.3	17
56.4	12
56.5	32
56.6	15
56.7	16
56.8	11
56.9	19
57	20
57.1	17
57.2	19
57.3	22
57.4	15
57.5	14
57.6	9
57.7	16
57.8	15
57.9	12
58	8
58.1	16
58.2	15
58.3	15
58.4	11
58.5	15
58.6	15
58.7	9
58.8	19
58.9	17
59	20
59.1	20
59.2	20
59.3	11
59.4	12
59.5	16
59.6	13
59.7	12
59.8	16
59.9	23
60	20
60.1	12
60.2	18
60.3	10
60.4	15
60.5	11
60.6	11
60.7	19
60.8	20
60.9	14
61	13
61.1	11
61.2	9
61.3	14
61.4	12
61.5	12
61.6	21
61.7	12
61.8	23
61.9	15
62	3
62.1	14
62.2	13
62.3	14
62.4	17
62.5	17
62.6	18
62.7	13
62.8	15
62.9	14
63	9
63.1	18
63.2	17
63.3	17
63.4	21
63.5	15
63.6	11
63.7	16
63.8	10
63.9	11
64	15
64.1	15
64.2	13
64.3	18
64.4	9
64.5	8
64.6	14
64.7	13
64.8	15
64.9	18
65	12
65.1	18
65.2	18
65.3	14
65.4	14
65.5	16
65.6	9
65.7	11
65.8	15
65.9	12
66	13
66.1	12
66.2	12
66.3	13
66.4	6
66.5	15
66.6	11
66.7	13
66.8	14
66.9	11
67	9
67.1	12
67.2	5
67.3	10
67.4	9
67.5	7
67.6	12
67.7	10
67.8	9
67.9	13
68	11
68.1	6
68.2	13
68.3	17
68.4	11
68.5	9
68.6	10
68.7	10
68.8	12
68.9	12
69	11
69.1	17
69.2	15
69.3	8
69.4	7
69.5	15
69.6	12
69.7	7
69.8	6
69.9	12
70	8
70.1	10
70.2	6
70.3	11
70.4	15
70.5	20
70.6	15
70.7	15
70.8	15
70.9	14
71	13
71.1	15
71.2	13
71.3	9
71.4	9
71.5	13
71.6	13
71.7	8
71.8	12
71.9	8
72	17
72.1	19
72.2	13
72.3	12
72.4	11
72.5	12
72.6	11
72.7	7
72.8	12
72.9	13
73	12
73.1	22
73.2	17
73.3	10
73.4	10
73.5	13
73.6	14
73.7	9
73.8	11
73.9	12
74	19
74.1	11
74.2	8
74.3	12
74.4	12
74.5	13
74.6	13
74.7	14
74.8	14
74.9	17
75	23
75.1	16
75.2	17
75.3	18
75.4	10
75.5	10
75.6	18
75.7	12
75.8	11
75.9	17
76	16
76.1	13
76.2	14
76.3	15
76.4	9
76.5	5
76.6	9
76.7	13
76.8	6
76.9	17
77	7
77.1	12
77.2	14
77.3	15
77.4	6
77.5	9
77.6	9
77.7	15
77.8	14
77.9	10
78	11
78.1	9
78.2	10
78.3	10
78.4	13
78.5	13
78.6	13
78.7	3
78.8	8
78.9	14
79	13
79.1	8
79.2	16
79.3	6
79.4	9
79.5	10
79.6	8
79.7	11
79.8	10
79.9	8
80	9
80.1	12
80.2	10
80.3	6
80.4	7
80.5	9
80.6	12
80.7	11
80.8	9
80.9	11
81	10
81.1	13
81.2	7
81.3	8
81.4	16
81.5	4
81.6	11
81.7	13
81.8	8
81.9	10
82	6
82.1	8
82.2	6
82.3	11
82.4	9
82.5	6
82.6	5
82.7	10
82.8	4
82.9	9
83	6
83.1	2
83.2	10
83.3	6
83.4	13
83.5	4
83.6	6
83.7	7
83.8	5
83.9	3
84	6
84.1	4
84.2	11
84.3	7
84.4	10
84.5	5
84.6	10
84.7	8
84.8	3
84.9	4
85	11
85.1	7
85.2	9
85.3	3
85.4	13
85.5	7
85.6	5
85.7	10
85.8	4
85.9	5
86	5
86.1	8
86.2	8
86.3	5
86.4	8
86.5	4
86.6	6
86.7	6
86.8	8
86.9	4
87	7
87.1	2
87.2	7
87.3	8
87.4	12
87.5	8
87.6	11
87.7	7
87.8	12
87.9	7
88	6
88.1	10
88.2	11
88.3	9
88.4	10
88.5	9
88.6	12
88.7	13
88.8	12
88.9	7
89	10
89.1	15
89.2	19
89.3	9
89.4	18
89.5	22
89.6	13
89.7	11
89.8	15
89.9	23
90	9
90.1	15
90.2	17
90.3	16
90.4	17
90.5	19
90.6	19
90.7	17
90.8	14
90.9	15
91	10
91.1	17
91.2	11
91.3	15
91.4	15
91.5	12
91.6	7
91.7	13
91.8	6
91.9	11
92	8
92.1	6
92.2	15
92.3	12
92.4	2
92.5	8
92.6	5
92.7	8
92.8	14
92.9	8
93	4
93.1	5
93.2	6
93.3	7
93.4	5
93.5	5
93.6	4
93.7	2
93.8	4
93.9	3
94	7
94.1	5
94.2	7
94.3	5
94.4	7
94.5	3
94.6	4
94.7	1
94.8	3
94.9	5
95	4
95.1	5
95.2	4
95.3	3
95.4	5
95.5	3
95.6	2
95.7	5
95.8	2
95.9	4
96	5
96.1	5
96.2	2
96.3	5
96.4	2
96.5	5
96.6	3
96.7	6
96.8	4
96.9	1
97	3
97.1	1
97.2	5
97.3	3
97.4	6
97.5	3
97.6	1
97.7	3
97.8	4
97.9	5
98	4
98.1	2
98.2	4
98.3	3
98.4	4
98.5	6
98.6	5
98.7	4
98.8	4
98.9	4
99	0
99.1	3
99.2	2
99.3	3
99.4	7
99.5	6
99.6	3
99.7	1
99.8	8
99.9	3
100	8
100.1	4
100.2	7
100.3	4
100.4	6
100.5	5
100.6	4
100.7	6
100.8	8
100.9	3
101	9
101.1	5
101.2	4
101.3	4
101.4	6
101.5	5
101.6	4
101.7	5
101.8	5
101.9	6
102	5
102.1	6
102.2	1
102.3	3
102.4	2
102.5	2
102.6	4
102.7	3
102.8	4
102.9	3
103	9
103.1	3
103.2	1
103.3	1
103.4	4
103.5	4
103.6	1
103.7	4
103.8	6
103.9	2
104	2
104.1	6
104.2	1
104.3	1
104.4	3
104.5	4
104.6	4
104.7	4
104.8	5
104.9	3
105	5
105.1	1
105.2	5
105.3	3
105.4	1
105.5	2
105.6	1
105.7	3
105.8	3
105.9	0
106	3
106.1	1
106.2	1
106.3	1
106.4	3
106.5	0
106.6	0
106.7	0
106.8	0
106.9	0
107	4
107.1	2
107.2	2
107.3	3
107.4	3
107.5	1
107.6	0
107.7	1
107.8	1
107.9	2
108	6
108.1	0
108.2	1
108.3	3
108.4	2
108.5	1
108.6	3
108.7	2
108.8	2
108.9	5
109	0
109.1	2
109.2	0
109.3	2
109.4	2
109.5	1
109.6	1
109.7	5
109.8	1
109.9	2
110	1
110.1	3
110.2	3
110.3	2
110.4	6
110.5	2
110.6	3
110.7	3
110.8	3
110.9	4
111	7
111.1	3
111.2	3
111.3	2
111.4	3
111.5	3
111.6	2
111.7	2
111.8	5
111.9	1
112	3
112.1	4
112.2	5
112.3	6
112.4	3
112.5	5
112.6	4
112.7	6
112.8	7
112.9	7
113	3
113.1	4
113.2	4
113.3	2
113.4	3
113.5	1
113.6	2
113.7	3
113.8	4
113.9	0
114	1
114.1	4
114.2	5
114.3	1
114.4	2
114.5	2
114.6	4
114.7	12
114.8	4
114.9	5
115	4
115.1	3
115.2	4
115.3	3
115.4	4
115.5	1
115.6	4
115.7	3
115.8	4
115.9	2
116	3
116.1	3
116.2	3
116.3	3
116.4	3
116.5	2
116.6	4
116.7	3
116.8	1
116.9	1
117	3
117.1	1
117.2	1
117.3	6
117.4	3
117.5	2
117.6	3
117.7	4
117.8	0
117.9	3
118	1
118.1	0
118.2	2
118.3	0
118.4	1
118.5	3
118.6	3
118.7	3
118.8	1
118.9	0
119	2
119.1	1
119.2	2
119.3	0
119.4	0
119.5	0
119.6	1
119.7	1
119.8	0
119.9	2
120	2
120.1	1
120.2	1
120.3	0
120.4	1
120.5	0
120.6	3
120.7	2
120.8	2
120.9	0
121	5
121.1	0
121.2	2
121.3	1
121.4	1
121.5	0
121.6	4
121.7	3
121.8	2
121.9	3
122	2
122.1	2
122.2	0
122.3	0
122.4	3
122.5	2
122.6	3
122.7	0
122.8	2
122.9	2
123	0
123.1	2
123.2	3
123.3	2
123.4	5
123.5	2
123.6	1
123.7	2
123.8	1
123.9	2
124	2
124.1	5
124.2	1
124.3	2
124.4	3
124.5	2
124.6	1
124.7	3
124.8	5
124.9	2
125	1
125.1	4
125.2	3
125.3	3
125.4	8
125.5	3
125.6	8
125.7	5
125.8	7
125.9	4
126	7
126.1	7
126.2	15
126.3	11
126.4	5
126.5	8
126.6	6
126.7	8
126.8	7
126.9	8
127	7
127.1	7
127.2	3
127.3	5
127.4	6
127.5	8
127.6	5
127.7	5
127.8	5
127.9	15
128	6
128.1	7
128.2	5
128.3	4
128.4	4
128.5	4
128.6	6
128.7	2
128.8	6
128.9	3
129	2
129.1	11
129.2	2
129.3	5
129.4	8
129.5	4
129.6	9
129.7	7
129.8	8
129.9	4
130	6
130.1	5
130.2	6
130.3	4
130.4	5
130.5	2
130.6	3
130.7	7
130.8	3
130.9	4
131	1
131.1	5
131.2	5
131.3	8
131.4	5
131.5	3
131.6	6
131.7	3
131.8	2
131.9	2
132	3
132.1	4
132.2	3
132.3	5
132.4	3
132.5	7
132.6	8
132.7	8
132.8	7
132.9	7
133	5
133.1	6
133.2	5
133.3	2
133.4	7
133.5	7
133.6	9
133.7	7
133.8	13
133.9	10
134	5
134.1	4
134.2	5
134.3	9
134.4	3
134.5	5
134.6	5
134.7	9
134.8	5
134.9	3
135	6
135.1	6
135.2	5
135.3	2
135.4	4
135.5	5
135.6	6
135.7	4
135.8	2
135.9	10
136	7
136.1	6
136.2	5
136.3	6
136.4	13
136.5	3
136.6	8
136.7	10
136.8	7
136.9	6
137	10
137.1	8
137.2	10
137.3	6
137.4	3
137.5	5
137.6	5
137.7	5
137.8	2
137.9	10
138	7
138.1	5
138.2	9
138.3	6
138.4	7
138.5	4
138.6	4
138.7	6
138.8	5
138.9	7
139	7
139.1	4
139.2	5
139.3	5
139.4	8
139.5	6
139.6	1
139.7	7
139.8	12
139.9	6
140	4
140.1	8
140.2	7
140.3	7
140.4	4
140.5	8
140.6	5
140.7	10
140.8	6
140.9	10
141	5
141.1	11
141.2	3
141.3	5
141.4	7
141.5	7
141.6	4
141.7	7
141.8	5
141.9	8
142	9
142.1	6
142.2	6
142.3	5
142.4	1
142.5	7
142.6	5
142.7	4
142.8	4
142.9	1
143	0
143.1	1
143.2	0
143.3	2
143.4	0
143.5	0
143.6	0
143.7	1
143.8	0
143.9	0
144	1
