Height/arb.u.	Counts
0	0
0.1	0
0.2	0
0.3	204
0.4	74
0.5	41
0.6	21
0.7	26
0.8	19
0.9	15
1	18
1.1	15
1.2	17
1.3	20
1.4	19
1.5	21
1.6	20
1.7	12
1.8	27
1.9	31
2	20
2.1	21
2.2	15
2.3	28
2.4	24
2.5	32
2.6	32
2.7	25
2.8	24
2.9	26
3	22
3.1	24
3.2	21
3.3	34
3.4	34
3.5	49
3.6	39
3.7	36
3.8	43
3.9	50
4	37
4.1	51
4.2	41
4.3	48
4.4	64
4.5	60
4.6	65
4.7	82
4.8	88
4.9	69
5	93
5.1	77
5.2	90
5.3	103
5.4	131
5.5	94
5.6	121
5.7	120
5.8	122
5.9	120
6	126
6.1	103
6.2	137
6.3	123
6.4	115
6.5	88
6.6	110
6.7	111
6.8	100
6.9	109
7	95
7.1	96
7.2	95
7.3	74
7.4	94
7.5	91
7.6	87
7.7	101
7.8	84
7.9	76
8	80
8.1	95
8.2	77
8.3	85
8.4	68
8.5	86
8.6	70
8.7	61
8.8	80
8.9	83
9	75
9.1	85
9.2	74
9.3	62
9.4	70
9.5	75
9.6	80
9.7	81
9.8	73
9.9	67
10	63
10.1	57
10.2	72
10.3	70
10.4	77
10.5	71
10.6	47
10.7	68
10.8	67
10.9	72
11	64
11.1	63
11.2	60
11.3	54
11.4	57
11.5	48
11.6	64
11.7	60
11.8	59
11.9	52
12	54
12.1	61
12.2	40
12.3	71
12.4	47
12.5	45
12.6	54
12.7	55
12.8	48
12.9	52
13	40
13.1	61
13.2	54
13.3	42
13.4	45
13.5	63
13.6	42
13.7	44
13.8	33
13.9	50
14	37
14.1	44
14.2	43
14.3	45
14.4	39
14.5	42
14.6	49
14.7	41
14.8	39
14.9	37
15	30
15.1	42
15.2	53
15.3	32
15.4	34
15.5	33
15.6	39
15.7	38
15.8	35
15.9	39
16	22
16.1	41
16.2	25
16.3	30
16.4	25
16.5	28
16.6	24
16.7	29
16.8	27
16.9	23
17	31
17.1	27
17.2	26
17.3	19
17.4	27
17.5	26
17.6	17
17.7	26
17.8	17
17.9	25
18	20
18.1	22
18.2	22
18.3	25
18.4	25
18.5	27
18.6	20
18.7	17
18.8	20
18.9	16
19	17
19.1	25
19.2	10
19.3	26
19.4	12
19.5	16
19.6	22
19.7	11
19.8	14
19.9	8
20	21
20.1	17
20.2	22
20.3	28
20.4	14
20.5	19
20.6	18
20.7	16
20.8	18
20.9	13
21	15
21.1	18
21.2	20
21.3	8
21.4	13
21.5	6
21.6	14
21.7	11
21.8	12
21.9	15
22	12
22.1	16
22.2	10
22.3	11
22.4	15
22.5	15
22.6	10
22.7	10
22.8	13
22.9	11
23	6
23.1	14
23.2	12
23.3	10
23.4	10
23.5	17
23.6	11
23.7	19
23.8	11
23.9	11
24	21
24.1	8
24.2	21
24.3	14
24.4	12
24.5	15
24.6	16
24.7	15
24.8	16
24.9	7
25	19
25.1	8
25.2	17
25.3	8
25.4	10
25.5	9
25.6	12
25.7	8
25.8	6
25.9	9
26	13
26.1	5
26.2	6
26.3	4
26.4	10
26.5	8
26.6	6
26.7	11
26.8	7
26.9	11
27	10
27.1	10
27.2	8
27.3	10
27.4	10
27.5	9
27.6	5
27.7	10
27.8	9
27.9	4
28	6
28.1	7
28.2	6
28.3	9
28.4	10
28.5	5
28.6	6
28.7	5
28.8	8
28.9	2
29	1
29.1	10
29.2	9
29.3	4
29.4	7
29.5	12
29.6	6
29.7	7
29.8	8
29.9	7
30	8
30.1	4
30.2	7
30.3	6
30.4	4
30.5	8
30.6	8
30.7	3
30.8	8
30.9	6
31	7
31.1	6
31.2	5
31.3	4
31.4	2
31.5	5
31.6	6
31.7	3
31.8	8
31.9	6
32	5
32.1	5
32.2	6
32.3	4
32.4	4
32.5	10
32.6	7
32.7	4
32.8	9
32.9	4
33	4
33.1	7
33.2	4
33.3	6
33.4	7
33.5	7
33.6	4
33.7	3
33.8	8
33.9	0
34	2
34.1	3
34.2	4
34.3	3
34.4	5
34.5	9
34.6	8
34.7	9
34.8	7
34.9	4
35	11
35.1	7
35.2	2
35.3	9
35.4	3
35.5	4
35.6	7
35.7	6
35.8	6
35.9	2
36	9
36.1	5
36.2	4
36.3	1
36.4	5
36.5	2
36.6	6
36.7	7
36.8	6
36.9	2
37	2
37.1	5
37.2	5
37.3	6
37.4	9
37.5	4
37.6	2
37.7	4
37.8	6
37.9	5
38	6
38.1	3
38.2	6
38.3	3
38.4	6
38.5	3
38.6	2
38.7	6
38.8	6
38.9	5
39	5
39.1	6
39.2	5
39.3	1
39.4	5
39.5	3
39.6	3
39.7	2
39.8	5
39.9	2
40	10
40.1	5
40.2	2
40.3	3
40.4	5
40.5	6
40.6	3
40.7	7
40.8	2
40.9	4
41	6
41.1	2
41.2	5
41.3	3
41.4	8
41.5	5
41.6	4
41.7	3
41.8	3
41.9	7
42	2
42.1	7
42.2	3
42.3	2
42.4	5
42.5	3
42.6	4
42.7	4
42.8	2
42.9	4
43	6
43.1	4
43.2	5
43.3	3
43.4	5
43.5	2
43.6	4
43.7	3
43.8	6
43.9	6
44	2
44.1	1
44.2	6
44.3	6
44.4	3
44.5	2
44.6	4
44.7	4
44.8	3
44.9	5
45	1
45.1	4
45.2	2
45.3	1
45.4	6
45.5	3
45.6	6
45.7	3
45.8	5
45.9	4
46	1
46.1	3
46.2	3
46.3	2
46.4	1
46.5	3
46.6	5
46.7	5
46.8	4
46.9	1
47	5
47.1	3
47.2	3
47.3	3
47.4	2
47.5	3
47.6	2
47.7	3
47.8	1
47.9	2
48	1
48.1	1
48.2	3
48.3	3
48.4	5
48.5	4
48.6	2
48.7	2
48.8	5
48.9	5
49	0
49.1	0
49.2	3
49.3	0
49.4	2
49.5	2
49.6	0
49.7	1
49.8	1
49.9	3
50	3
50.1	2
50.2	1
50.3	1
50.4	2
50.5	3
50.6	6
50.7	2
50.8	1
50.9	1
51	1
51.1	4
51.2	3
51.3	2
51.4	4
51.5	5
51.6	5
51.7	2
51.8	3
51.9	1
52	3
52.1	3
52.2	4
52.3	6
52.4	6
52.5	1
52.6	2
52.7	2
52.8	3
52.9	4
53	4
53.1	5
53.2	2
53.3	0
53.4	1
53.5	5
53.6	3
53.7	3
53.8	1
53.9	1
54	2
54.1	1
54.2	2
54.3	3
54.4	2
54.5	1
54.6	3
54.7	1
54.8	0
54.9	2
55	3
55.1	1
55.2	2
55.3	3
55.4	4
55.5	2
55.6	2
55.7	3
55.8	1
55.9	2
56	2
56.1	5
56.2	1
56.3	2
56.4	1
56.5	1
56.6	1
56.7	2
56.8	1
56.9	1
57	1
57.1	4
57.2	0
57.3	2
57.4	2
57.5	2
57.6	2
57.7	3
57.8	3
57.9	0
58	0
58.1	2
58.2	3
58.3	2
58.4	3
58.5	0
58.6	1
58.7	2
58.8	1
58.9	1
59	2
59.1	0
59.2	0
59.3	1
59.4	1
59.5	2
59.6	0
59.7	2
59.8	4
59.9	0
60	4
60.1	2
60.2	1
60.3	1
60.4	3
60.5	3
60.6	4
60.7	1
60.8	0
60.9	3
61	4
61.1	1
61.2	2
61.3	2
61.4	4
61.5	1
61.6	2
61.7	2
61.8	3
61.9	2
62	3
62.1	0
62.2	2
62.3	4
62.4	2
62.5	1
62.6	5
62.7	1
62.8	2
62.9	5
63	1
63.1	0
63.2	0
63.3	1
63.4	0
63.5	2
63.6	1
63.7	4
63.8	1
63.9	2
64	2
64.1	1
64.2	0
64.3	1
64.4	1
64.5	1
64.6	1
64.7	3
64.8	3
64.9	2
65	2
65.1	1
65.2	0
65.3	1
65.4	3
65.5	4
65.6	4
65.7	2
65.8	1
65.9	4
66	4
66.1	1
66.2	1
66.3	6
66.4	1
66.5	4
66.6	2
66.7	3
66.8	3
66.9	1
67	2
67.1	4
67.2	0
67.3	4
67.4	3
67.5	2
67.6	4
67.7	2
67.8	2
67.9	1
68	3
68.1	2
68.2	0
68.3	1
68.4	2
68.5	3
68.6	3
68.7	2
68.8	0
68.9	2
69	1
69.1	3
69.2	2
69.3	2
69.4	0
69.5	4
69.6	1
69.7	2
69.8	4
69.9	2
70	2
70.1	3
70.2	4
70.3	1
70.4	1
70.5	1
70.6	4
70.7	2
70.8	1
70.9	1
71	0
71.1	0
71.2	2
71.3	2
71.4	2
71.5	1
71.6	0
71.7	2
71.8	0
71.9	1
72	3
72.1	0
72.2	1
72.3	1
72.4	3
72.5	0
72.6	1
72.7	1
72.8	1
72.9	1
73	1
73.1	2
73.2	1
73.3	1
73.4	3
73.5	0
73.6	2
73.7	3
73.8	3
73.9	2
74	2
74.1	4
74.2	4
74.3	2
74.4	1
74.5	3
74.6	3
74.7	3
74.8	0
74.9	1
75	2
75.1	2
75.2	1
75.3	2
75.4	4
75.5	5
75.6	3
75.7	0
75.8	2
75.9	0
76	7
76.1	3
76.2	4
76.3	1
76.4	1
76.5	2
76.6	4
76.7	2
76.8	2
76.9	3
77	1
77.1	1
77.2	1
77.3	2
77.4	2
77.5	1
77.6	0
77.7	1
77.8	0
77.9	1
78	2
78.1	0
78.2	3
78.3	2
78.4	1
78.5	1
78.6	1
78.7	2
78.8	4
78.9	1
79	1
79.1	2
79.2	2
79.3	0
79.4	3
79.5	2
79.6	0
79.7	0
79.8	3
79.9	1
80	1
80.1	2
80.2	2
80.3	0
80.4	3
80.5	2
80.6	1
80.7	2
80.8	0
80.9	2
81	2
81.1	1
81.2	4
81.3	0
81.4	0
81.5	2
81.6	0
81.7	0
81.8	2
81.9	2
82	2
82.1	2
82.2	0
82.3	0
82.4	0
82.5	1
82.6	3
82.7	0
82.8	1
82.9	0
83	0
83.1	1
83.2	1
83.3	1
83.4	0
83.5	1
83.6	2
83.7	1
83.8	1
83.9	1
84	0
84.1	4
84.2	0
84.3	3
84.4	2
84.5	2
84.6	0
84.7	1
84.8	0
84.9	3
85	1
85.1	0
85.2	1
85.3	0
85.4	4
85.5	1
85.6	0
85.7	0
85.8	1
85.9	2
86	1
86.1	1
86.2	0
86.3	2
86.4	0
86.5	0
86.6	1
86.7	3
86.8	2
86.9	2
87	1
87.1	0
87.2	1
87.3	0
87.4	0
87.5	0
87.6	1
87.7	0
87.8	1
87.9	2
88	0
88.1	2
88.2	0
88.3	0
88.4	2
88.5	1
88.6	0
88.7	1
88.8	3
88.9	1
89	2
89.1	3
89.2	4
89.3	1
89.4	2
89.5	2
89.6	1
89.7	0
89.8	5
89.9	2
90	5
90.1	2
90.2	2
90.3	2
90.4	3
90.5	3
90.6	3
90.7	1
90.8	3
90.9	2
91	7
91.1	5
91.2	2
91.3	3
91.4	1
91.5	2
91.6	1
91.7	4
91.8	1
91.9	2
92	2
92.1	1
92.2	2
92.3	0
92.4	1
92.5	0
92.6	3
92.7	0
92.8	0
92.9	1
93	1
93.1	1
93.2	0
93.3	2
93.4	0
93.5	0
93.6	2
93.7	3
93.8	1
93.9	0
94	0
94.1	1
94.2	1
94.3	1
94.4	2
94.5	0
94.6	0
94.7	0
94.8	0
94.9	0
95	1
95.1	0
95.2	1
95.3	3
95.4	0
95.5	0
95.6	1
95.7	0
95.8	0
95.9	0
96	0
96.1	0
96.2	2
96.3	3
96.4	0
96.5	1
96.6	1
96.7	2
96.8	3
96.9	0
97	2
97.1	1
97.2	1
97.3	1
97.4	0
97.5	0
97.6	0
97.7	0
97.8	0
97.9	1
98	0
98.1	1
98.2	1
98.3	0
98.4	1
98.5	0
98.6	1
98.7	1
98.8	0
98.9	0
99	0
99.1	2
99.2	0
99.3	1
99.4	2
99.5	0
99.6	1
99.7	1
99.8	1
99.9	0
100	0
100.1	0
100.2	0
100.3	0
100.4	1
100.5	1
100.6	1
100.7	0
100.8	3
100.9	1
101	0
101.1	0
101.2	0
101.3	0
101.4	1
101.5	0
101.6	0
101.7	1
101.8	0
101.9	1
102	1
102.1	0
102.2	2
102.3	0
102.4	0
102.5	0
102.6	0
102.7	0
102.8	1
102.9	1
103	2
103.1	0
103.2	1
103.3	1
103.4	1
103.5	3
103.6	0
103.7	0
103.8	0
103.9	0
104	1
104.1	0
104.2	2
104.3	0
104.4	0
104.5	1
104.6	0
104.7	0
104.8	2
104.9	0
105	0
105.1	1
105.2	0
105.3	2
105.4	0
105.5	1
105.6	1
105.7	1
105.8	0
105.9	0
106	1
106.1	0
106.2	0
106.3	0
106.4	0
106.5	0
106.6	0
106.7	0
106.8	0
106.9	0
107	1
107.1	1
107.2	0
107.3	0
107.4	0
107.5	0
107.6	0
107.7	1
107.8	0
107.9	0
108	3
108.1	0
108.2	0
108.3	0
108.4	0
108.5	0
108.6	0
108.7	1
108.8	0
108.9	0
109	0
109.1	0
109.2	0
109.3	1
109.4	0
109.5	1
109.6	0
109.7	1
109.8	1
109.9	0
110	0
110.1	1
110.2	0
110.3	0
110.4	0
110.5	1
110.6	0
110.7	0
110.8	0
110.9	1
111	0
111.1	0
111.2	0
111.3	1
111.4	0
111.5	0
111.6	0
111.7	0
111.8	0
111.9	1
112	3
112.1	1
112.2	0
112.3	0
112.4	0
112.5	0
112.6	0
112.7	2
112.8	0
112.9	0
113	0
113.1	0
113.2	0
113.3	0
113.4	2
113.5	1
113.6	1
113.7	1
113.8	2
113.9	1
114	1
114.1	1
114.2	0
114.3	2
114.4	0
114.5	0
114.6	2
114.7	0
114.8	0
114.9	0
115	0
115.1	1
115.2	0
115.3	1
115.4	1
115.5	0
115.6	0
115.7	0
115.8	0
115.9	1
116	0
116.1	1
116.2	0
116.3	0
116.4	0
116.5	0
116.6	1
116.7	0
116.8	1
116.9	1
117	0
117.1	0
117.2	0
117.3	0
117.4	1
117.5	0
117.6	1
117.7	0
117.8	0
117.9	0
118	0
118.1	0
118.2	0
118.3	0
118.4	1
118.5	0
118.6	1
118.7	1
118.8	0
118.9	0
119	0
119.1	1
119.2	0
119.3	0
119.4	1
119.5	0
119.6	0
119.7	0
119.8	0
119.9	0
120	0
120.1	0
120.2	0
120.3	0
120.4	0
120.5	0
120.6	1
120.7	0
120.8	0
120.9	0
121	1
121.1	0
121.2	0
121.3	0
121.4	0
121.5	0
121.6	0
121.7	0
121.8	0
121.9	1
122	0
122.1	0
122.2	0
122.3	1
122.4	1
122.5	0
122.6	0
122.7	0
122.8	0
122.9	0
123	0
123.1	0
123.2	0
123.3	0
123.4	0
123.5	0
123.6	0
123.7	0
123.8	0
123.9	1
124	0
124.1	0
124.2	1
124.3	1
124.4	0
124.5	0
124.6	0
124.7	0
124.8	0
124.9	0
125	0
125.1	0
125.2	0
125.3	0
125.4	0
125.5	0
125.6	0
125.7	2
125.8	0
125.9	0
126	1
126.1	0
126.2	1
126.3	1
126.4	0
126.5	1
126.6	1
126.7	2
126.8	2
126.9	3
127	2
127.1	0
127.2	2
127.3	0
127.4	1
127.5	1
127.6	4
127.7	0
127.8	1
127.9	2
128	1
128.1	0
128.2	1
128.3	0
128.4	2
128.5	0
128.6	0
128.7	1
128.8	1
128.9	1
129	1
129.1	1
129.2	2
129.3	1
129.4	1
129.5	0
129.6	1
129.7	0
129.8	0
129.9	1
130	1
130.1	0
130.2	0
130.3	0
130.4	0
130.5	0
130.6	1
130.7	1
130.8	2
130.9	1
131	0
131.1	1
131.2	0
131.3	0
131.4	2
131.5	1
131.6	1
131.7	2
131.8	1
131.9	0
132	1
132.1	1
132.2	1
132.3	0
132.4	2
132.5	0
132.6	1
132.7	1
132.8	0
132.9	0
133	1
133.1	0
133.2	4
133.3	0
133.4	0
133.5	1
133.6	0
133.7	2
133.8	1
133.9	0
134	0
134.1	1
134.2	1
134.3	2
134.4	0
134.5	2
134.6	1
134.7	0
134.8	1
134.9	0
135	0
135.1	2
135.2	2
135.3	1
135.4	1
135.5	0
135.6	1
135.7	0
135.8	2
135.9	1
136	0
136.1	2
136.2	0
136.3	0
136.4	4
136.5	0
136.6	1
136.7	0
136.8	2
136.9	0
137	1
137.1	0
137.2	1
137.3	1
137.4	1
137.5	1
137.6	1
137.7	2
137.8	1
137.9	2
138	1
138.1	1
138.2	1
138.3	1
138.4	0
138.5	0
138.6	2
138.7	0
138.8	0
138.9	1
139	1
139.1	0
139.2	0
139.3	3
139.4	2
139.5	0
139.6	0
139.7	0
139.8	0
139.9	0
140	1
140.1	1
140.2	1
140.3	0
140.4	3
140.5	0
140.6	0
140.7	1
140.8	1
140.9	0
141	2
141.1	1
141.2	0
141.3	5
141.4	2
141.5	1
141.6	2
141.7	1
141.8	0
141.9	0
142	0
142.1	1
142.2	1
142.3	0
142.4	0
142.5	1
