Height/arb.u.	Counts
0	0
0.1	0
0.2	0
0.3	2071
0.4	329
0.5	184
0.6	174
0.7	180
0.8	168
0.9	177
1	166
1.1	182
1.2	158
1.3	160
1.4	192
1.5	183
1.6	172
1.7	180
1.8	176
1.9	192
2	213
2.1	182
2.2	209
2.3	212
2.4	224
2.5	222
2.6	224
2.7	223
2.8	242
2.9	200
3	247
3.1	212
3.2	248
3.3	240
3.4	233
3.5	232
3.6	254
3.7	237
3.8	246
3.9	241
4	246
4.1	267
4.2	259
4.3	255
4.4	285
4.5	273
4.6	269
4.7	269
4.8	277
4.9	307
5	352
5.1	354
5.2	349
5.3	412
5.4	461
5.5	480
5.6	495
5.7	511
5.8	505
5.9	451
6	472
6.1	476
6.2	426
6.3	428
6.4	455
6.5	389
6.6	394
6.7	377
6.8	352
6.9	362
7	318
7.1	290
7.2	304
7.3	310
7.4	330
7.5	329
7.6	289
7.7	316
7.8	293
7.9	312
8	338
8.1	289
8.2	301
8.3	324
8.4	287
8.5	295
8.6	335
8.7	297
8.8	319
8.9	296
9	307
9.1	337
9.2	304
9.3	314
9.4	319
9.5	305
9.6	315
9.7	286
9.8	310
9.9	296
10	291
10.1	319
10.2	329
10.3	298
10.4	312
10.5	317
10.6	310
10.7	290
10.8	334
10.9	338
11	337
11.1	306
11.2	321
11.3	329
11.4	300
11.5	307
11.6	276
11.7	323
11.8	310
11.9	322
12	286
12.1	306
12.2	318
12.3	338
12.4	295
12.5	309
12.6	289
12.7	342
12.8	299
12.9	369
13	315
13.1	325
13.2	327
13.3	299
13.4	313
13.5	320
13.6	306
13.7	293
13.8	315
13.9	283
14	309
14.1	278
14.2	298
14.3	317
14.4	317
14.5	323
14.6	335
14.7	363
14.8	352
14.9	339
15	387
15.1	329
15.2	347
15.3	392
15.4	407
15.5	389
15.6	363
15.7	386
15.8	398
15.9	379
16	390
16.1	394
16.2	402
16.3	399
16.4	416
16.5	399
16.6	403
16.7	375
16.8	384
16.9	382
17	411
17.1	397
17.2	340
17.3	421
17.4	380
17.5	380
17.6	401
17.7	340
17.8	353
17.9	371
18	347
18.1	366
18.2	341
18.3	358
18.4	322
18.5	364
18.6	302
18.7	293
18.8	358
18.9	296
19	301
19.1	292
19.2	316
19.3	324
19.4	305
19.5	327
19.6	304
19.7	318
19.8	317
19.9	315
20	328
20.1	283
20.2	262
20.3	268
20.4	256
20.5	288
20.6	286
20.7	265
20.8	276
20.9	251
21	243
21.1	252
21.2	232
21.3	272
21.4	268
21.5	250
21.6	272
21.7	245
21.8	251
21.9	227
22	237
22.1	253
22.2	239
22.3	274
22.4	231
22.5	245
22.6	212
22.7	243
22.8	203
22.9	212
23	214
23.1	214
23.2	231
23.3	224
23.4	211
23.5	195
23.6	207
23.7	185
23.8	190
23.9	206
24	207
24.1	214
24.2	211
24.3	215
24.4	178
24.5	201
24.6	210
24.7	187
24.8	190
24.9	179
25	179
25.1	192
25.2	191
25.3	170
25.4	191
25.5	196
25.6	168
25.7	188
25.8	172
25.9	181
26	165
26.1	159
26.2	164
26.3	182
26.4	165
26.5	188
26.6	185
26.7	156
26.8	171
26.9	153
27	161
27.1	174
27.2	161
27.3	169
27.4	159
27.5	168
27.6	168
27.7	151
27.8	163
27.9	160
28	170
28.1	157
28.2	130
28.3	152
28.4	162
28.5	156
28.6	149
28.7	160
28.8	135
28.9	149
29	150
29.1	156
29.2	145
29.3	144
29.4	169
29.5	145
29.6	128
29.7	147
29.8	169
29.9	151
30	160
30.1	156
30.2	157
30.3	167
30.4	164
30.5	145
30.6	134
30.7	158
30.8	174
30.9	135
31	161
31.1	136
31.2	136
31.3	161
31.4	135
31.5	144
31.6	176
31.7	138
31.8	132
31.9	132
32	130
32.1	136
32.2	139
32.3	144
32.4	138
32.5	156
32.6	125
32.7	132
32.8	128
32.9	109
33	121
33.1	140
33.2	111
33.3	135
33.4	128
33.5	122
33.6	120
33.7	140
33.8	124
33.9	135
34	140
34.1	136
34.2	129
34.3	133
34.4	131
34.5	149
34.6	141
34.7	134
34.8	161
34.9	125
35	144
35.1	121
35.2	131
35.3	116
35.4	128
35.5	145
35.6	109
35.7	117
35.8	144
35.9	134
36	139
36.1	151
36.2	131
36.3	130
36.4	117
36.5	137
36.6	143
36.7	140
36.8	128
36.9	118
37	145
37.1	127
37.2	140
37.3	155
37.4	127
37.5	123
37.6	143
37.7	138
37.8	140
37.9	122
38	129
38.1	120
38.2	107
38.3	108
38.4	122
38.5	130
38.6	127
38.7	119
38.8	126
38.9	114
39	137
39.1	125
39.2	136
39.3	122
39.4	136
39.5	105
39.6	116
39.7	129
39.8	111
39.9	135
40	144
40.1	125
40.2	129
40.3	120
40.4	145
40.5	147
40.6	129
40.7	125
40.8	123
40.9	121
41	134
41.1	114
41.2	119
41.3	110
41.4	117
41.5	123
41.6	128
41.7	115
41.8	124
41.9	132
42	123
42.1	125
42.2	124
42.3	134
42.4	114
42.5	122
42.6	121
42.7	124
42.8	106
42.9	101
43	111
43.1	118
43.2	143
43.3	126
43.4	113
43.5	137
43.6	123
43.7	127
43.8	117
43.9	105
44	112
44.1	126
44.2	124
44.3	112
44.4	147
44.5	125
44.6	133
44.7	132
44.8	136
44.9	137
45	138
45.1	130
45.2	149
45.3	137
45.4	132
45.5	133
45.6	129
45.7	138
45.8	124
45.9	138
46	137
46.1	126
46.2	147
46.3	126
46.4	118
46.5	124
46.6	133
46.7	128
46.8	129
46.9	134
47	118
47.1	151
47.2	116
47.3	144
47.4	165
47.5	133
47.6	136
47.7	143
47.8	152
47.9	112
48	135
48.1	136
48.2	126
48.3	142
48.4	119
48.5	142
48.6	142
48.7	130
48.8	121
48.9	110
49	124
49.1	110
49.2	133
49.3	140
49.4	117
49.5	121
49.6	114
49.7	133
49.8	136
49.9	146
50	134
50.1	112
50.2	131
50.3	141
50.4	119
50.5	128
50.6	138
50.7	108
50.8	124
50.9	142
51	129
51.1	109
51.2	128
51.3	143
51.4	139
51.5	106
51.6	122
51.7	134
51.8	123
51.9	123
52	136
52.1	149
52.2	148
52.3	139
52.4	120
52.5	135
52.6	124
52.7	134
52.8	159
52.9	148
53	154
53.1	122
53.2	148
53.3	113
53.4	144
53.5	122
53.6	131
53.7	136
53.8	117
53.9	136
54	127
54.1	159
54.2	131
54.3	147
54.4	141
54.5	148
54.6	132
54.7	135
54.8	128
54.9	126
55	151
55.1	147
55.2	135
55.3	129
55.4	138
55.5	154
55.6	153
55.7	142
55.8	160
55.9	137
56	154
56.1	147
56.2	149
56.3	129
56.4	141
56.5	139
56.6	128
56.7	161
56.8	138
56.9	162
57	124
57.1	146
57.2	157
57.3	144
57.4	139
57.5	141
57.6	170
57.7	153
57.8	132
57.9	143
58	135
58.1	136
58.2	150
58.3	138
58.4	132
58.5	149
58.6	150
58.7	152
58.8	136
58.9	173
59	154
59.1	149
59.2	148
59.3	145
59.4	148
59.5	148
59.6	120
59.7	154
59.8	134
59.9	165
60	160
60.1	160
60.2	156
60.3	151
60.4	149
60.5	159
60.6	141
60.7	132
60.8	162
60.9	155
61	152
61.1	148
61.2	142
61.3	150
61.4	156
61.5	166
61.6	148
61.7	145
61.8	148
61.9	173
62	164
62.1	146
62.2	133
62.3	159
62.4	153
62.5	147
62.6	181
62.7	126
62.8	158
62.9	151
63	162
63.1	161
63.2	162
63.3	157
63.4	138
63.5	144
63.6	160
63.7	147
63.8	168
63.9	154
64	145
64.1	174
64.2	140
64.3	160
64.4	131
64.5	147
64.6	145
64.7	145
64.8	129
64.9	134
65	140
65.1	139
65.2	136
65.3	136
65.4	136
65.5	140
65.6	137
65.7	132
65.8	153
65.9	125
66	110
66.1	118
66.2	130
66.3	113
66.4	114
66.5	125
66.6	135
66.7	129
66.8	112
66.9	112
67	124
67.1	119
67.2	123
67.3	97
67.4	125
67.5	106
67.6	115
67.7	118
67.8	122
67.9	102
68	112
68.1	106
68.2	93
68.3	117
68.4	81
68.5	107
68.6	98
68.7	100
68.8	104
68.9	97
69	118
69.1	113
69.2	115
69.3	115
69.4	110
69.5	109
69.6	103
69.7	122
69.8	107
69.9	122
70	108
70.1	108
70.2	109
70.3	120
70.4	125
70.5	131
70.6	132
70.7	123
70.8	103
70.9	124
71	123
71.1	116
71.2	114
71.3	113
71.4	111
71.5	124
71.6	101
71.7	144
71.8	131
71.9	114
72	133
72.1	116
72.2	116
72.3	120
72.4	129
72.5	125
72.6	115
72.7	116
72.8	117
72.9	129
73	123
73.1	102
73.2	128
73.3	123
73.4	116
73.5	121
73.6	99
73.7	123
73.8	106
73.9	109
74	115
74.1	107
74.2	151
74.3	119
74.4	94
74.5	95
74.6	121
74.7	101
74.8	101
74.9	124
75	113
75.1	126
75.2	137
75.3	147
75.4	117
75.5	140
75.6	122
75.7	145
75.8	133
75.9	165
76	140
76.1	154
76.2	173
76.3	168
76.4	186
76.5	187
76.6	205
76.7	221
76.8	252
76.9	234
77	262
77.1	288
77.2	284
77.3	275
77.4	281
77.5	294
77.6	326
77.7	307
77.8	342
77.9	331
78	308
78.1	391
78.2	372
78.3	338
78.4	323
78.5	345
78.6	369
78.7	321
78.8	334
78.9	342
79	327
79.1	311
79.2	334
79.3	293
79.4	276
79.5	281
79.6	247
79.7	234
79.8	230
79.9	217
80	205
80.1	177
80.2	178
80.3	155
80.4	167
80.5	171
80.6	139
80.7	125
80.8	130
80.9	107
81	109
81.1	93
81.2	79
81.3	74
81.4	74
81.5	70
81.6	65
81.7	54
81.8	65
81.9	64
82	60
82.1	49
82.2	58
82.3	46
82.4	53
82.5	66
82.6	58
82.7	74
82.8	63
82.9	70
83	67
83.1	79
83.2	94
83.3	93
83.4	104
83.5	105
83.6	116
83.7	119
83.8	116
83.9	124
84	155
84.1	160
84.2	182
84.3	186
84.4	207
84.5	221
84.6	231
84.7	193
84.8	221
84.9	251
85	282
85.1	265
85.2	298
85.3	286
85.4	311
85.5	293
85.6	293
85.7	276
85.8	281
85.9	305
86	284
86.1	265
86.2	260
86.3	284
86.4	273
86.5	254
86.6	232
86.7	247
86.8	202
86.9	208
87	186
87.1	200
87.2	174
87.3	181
87.4	170
87.5	138
87.6	124
87.7	142
87.8	119
87.9	98
88	74
88.1	90
88.2	66
88.3	76
88.4	70
88.5	37
88.6	40
88.7	40
88.8	47
88.9	35
89	35
89.1	22
89.2	34
89.3	19
89.4	21
89.5	13
89.6	28
89.7	19
89.8	16
89.9	14
90	18
90.1	11
90.2	15
90.3	16
90.4	11
90.5	19
90.6	18
90.7	15
90.8	11
90.9	13
91	9
91.1	13
91.2	19
91.3	13
91.4	7
91.5	11
91.6	16
91.7	10
91.8	16
91.9	10
92	9
92.1	12
92.2	7
92.3	14
92.4	6
92.5	7
92.6	8
92.7	8
92.8	4
92.9	15
93	12
93.1	8
93.2	11
93.3	9
93.4	13
93.5	9
93.6	4
93.7	10
93.8	11
93.9	13
94	4
94.1	7
94.2	11
94.3	7
94.4	8
94.5	7
94.6	5
94.7	8
94.8	3
94.9	14
95	10
95.1	7
95.2	9
95.3	12
95.4	6
95.5	5
95.6	10
95.7	9
95.8	6
95.9	12
96	7
96.1	4
96.2	6
96.3	2
96.4	8
96.5	13
96.6	6
96.7	6
96.8	4
96.9	6
97	3
97.1	13
97.2	7
97.3	8
97.4	5
97.5	4
97.6	4
97.7	9
97.8	6
97.9	9
98	8
98.1	5
98.2	12
98.3	3
98.4	3
98.5	8
98.6	3
98.7	6
98.8	11
98.9	7
99	9
99.1	8
99.2	2
99.3	11
99.4	5
99.5	11
99.6	9
99.7	9
99.8	5
99.9	4
100	8
100.1	7
100.2	9
100.3	5
100.4	12
100.5	10
100.6	9
100.7	14
100.8	5
100.9	7
101	10
101.1	8
101.2	6
101.3	8
101.4	11
101.5	6
101.6	8
101.7	8
101.8	6
101.9	5
102	12
102.1	5
102.2	10
102.3	8
102.4	6
102.5	12
102.6	6
102.7	5
102.8	1
102.9	8
103	11
103.1	6
103.2	8
103.3	7
103.4	7
103.5	12
103.6	3
103.7	6
103.8	4
103.9	4
104	8
104.1	5
104.2	9
104.3	11
104.4	5
104.5	7
104.6	8
104.7	7
104.8	1
104.9	5
105	8
105.1	5
105.2	6
105.3	5
105.4	4
105.5	8
105.6	7
105.7	7
105.8	5
105.9	8
106	6
106.1	6
106.2	4
106.3	5
106.4	2
106.5	5
106.6	5
106.7	7
106.8	7
106.9	5
107	4
107.1	1
107.2	3
107.3	7
107.4	4
107.5	3
107.6	3
107.7	3
107.8	7
107.9	8
108	2
108.1	7
108.2	8
108.3	10
108.4	4
108.5	7
108.6	6
108.7	5
108.8	3
108.9	7
109	2
109.1	7
109.2	6
109.3	9
109.4	4
109.5	5
109.6	4
109.7	2
109.8	1
109.9	5
110	4
110.1	9
110.2	2
110.3	3
110.4	6
110.5	2
110.6	4
110.7	6
110.8	2
110.9	7
111	4
111.1	10
111.2	4
111.3	4
111.4	5
111.5	4
111.6	5
111.7	5
111.8	6
111.9	5
112	2
112.1	3
112.2	7
112.3	4
112.4	10
112.5	6
112.6	6
112.7	1
112.8	9
112.9	2
113	3
113.1	7
113.2	7
113.3	9
113.4	9
113.5	4
113.6	5
113.7	9
113.8	12
113.9	7
114	9
114.1	4
114.2	5
114.3	6
114.4	3
114.5	8
114.6	6
114.7	11
114.8	7
114.9	6
115	4
115.1	9
115.2	6
115.3	5
115.4	0
115.5	4
115.6	10
115.7	9
115.8	4
115.9	8
116	7
116.1	3
116.2	9
116.3	4
116.4	13
116.5	7
116.6	6
116.7	4
116.8	7
116.9	3
117	3
117.1	3
117.2	2
117.3	5
117.4	5
117.5	3
117.6	3
117.7	5
117.8	3
117.9	6
118	3
118.1	3
118.2	5
118.3	6
118.4	1
118.5	2
118.6	5
118.7	3
118.8	3
118.9	2
119	4
119.1	5
119.2	1
119.3	2
119.4	3
119.5	2
119.6	3
119.7	0
119.8	1
119.9	1
120	0
120.1	3
120.2	2
120.3	3
120.4	2
120.5	5
120.6	2
120.7	0
120.8	2
120.9	3
121	3
121.1	4
121.2	2
121.3	2
121.4	2
121.5	1
121.6	2
121.7	3
121.8	1
121.9	3
122	1
122.1	2
122.2	1
122.3	4
122.4	2
122.5	3
122.6	3
122.7	5
122.8	8
122.9	6
123	7
123.1	3
123.2	3
123.3	3
123.4	1
123.5	2
123.6	3
123.7	2
123.8	1
123.9	0
124	1
124.1	0
124.2	6
124.3	0
124.4	2
124.5	3
124.6	2
124.7	4
124.8	1
124.9	1
125	0
125.1	0
125.2	1
125.3	1
125.4	1
125.5	1
125.6	2
125.7	1
125.8	0
125.9	1
126	2
126.1	1
126.2	0
126.3	0
126.4	0
126.5	1
126.6	3
126.7	2
126.8	2
126.9	2
127	2
127.1	3
127.2	1
127.3	4
127.4	3
127.5	0
127.6	1
127.7	1
127.8	1
127.9	1
128	1
128.1	1
128.2	4
128.3	4
128.4	5
128.5	3
128.6	2
128.7	2
128.8	1
128.9	2
129	2
129.1	1
129.2	4
129.3	1
129.4	1
129.5	4
129.6	0
129.7	0
129.8	0
129.9	0
130	2
130.1	1
130.2	1
130.3	5
130.4	1
130.5	1
130.6	2
130.7	2
130.8	1
130.9	1
131	1
131.1	2
131.2	1
131.3	0
131.4	3
131.5	1
131.6	3
131.7	1
131.8	0
131.9	1
132	2
132.1	0
132.2	1
132.3	1
132.4	0
132.5	1
132.6	1
132.7	1
132.8	1
132.9	0
133	0
133.1	1
133.2	1
133.3	0
133.4	2
133.5	0
133.6	1
133.7	0
133.8	2
133.9	2
134	0
134.1	4
134.2	4
134.3	2
134.4	1
134.5	1
134.6	1
134.7	2
134.8	2
134.9	2
135	0
135.1	1
135.2	1
135.3	2
135.4	0
135.5	0
135.6	2
135.7	1
135.8	2
135.9	1
136	1
136.1	1
136.2	0
136.3	0
136.4	1
136.5	1
136.6	0
136.7	3
136.8	1
136.9	0
137	1
137.1	0
137.2	2
137.3	1
137.4	0
137.5	1
137.6	0
137.7	1
137.8	3
137.9	1
138	1
138.1	0
138.2	0
138.3	0
138.4	1
138.5	0
138.6	0
138.7	1
138.8	0
138.9	1
139	4
139.1	1
139.2	0
139.3	3
139.4	0
139.5	1
139.6	0
139.7	2
139.8	2
139.9	0
140	2
140.1	0
140.2	0
140.3	2
140.4	0
140.5	0
140.6	0
140.7	0
140.8	2
140.9	3
141	2
141.1	1
141.2	0
141.3	1
141.4	1
141.5	1
141.6	3
141.7	1
141.8	0
141.9	1
142	3
142.1	0
142.2	2
142.3	4
142.4	2
142.5	0
142.6	1
142.7	0
142.8	1
142.9	0
143	0
143.1	2
143.2	1
143.3	0
143.4	0
143.5	0
143.6	0
143.7	1
143.8	0
143.9	0
144	0
144.1	0
144.2	0
144.3	0
144.4	0
144.5	0
144.6	0
144.7	0
144.8	0
144.9	0
145	0
145.1	0
145.2	0
145.3	0
145.4	0
145.5	0
145.6	0
145.7	0
145.8	0
145.9	0
146	0
146.1	0
146.2	0
146.3	0
146.4	0
146.5	0
146.6	0
146.7	0
146.8	0
146.9	1
147	0
147.1	0
147.2	0
147.3	0
147.4	0
147.5	0
147.6	0
147.7	0
147.8	0
147.9	0
148	0
148.1	0
148.2	0
148.3	0
148.4	0
148.5	0
148.6	0
148.7	0
148.8	0
148.9	0
149	1
