Height/arb.u.	Counts
0	0
0.1	0
0.2	0
0.3	46
0.4	17
0.5	24
0.6	29
0.7	35
0.8	53
0.9	55
1	74
1.1	77
1.2	78
1.3	108
1.4	116
1.5	124
1.6	167
1.7	173
1.8	208
1.9	262
2	342
2.1	429
2.2	573
2.3	700
2.4	848
2.5	985
2.6	990
2.7	1051
2.8	944
2.9	839
3	749
3.1	685
3.2	597
3.3	539
3.4	564
3.5	491
3.6	439
3.7	462
3.8	481
3.9	454
4	480
4.1	533
4.2	518
4.3	499
4.4	585
4.5	591
4.6	601
4.7	611
4.8	655
4.9	685
5	739
5.1	699
5.2	765
5.3	872
5.4	942
5.5	970
5.6	957
5.7	1016
5.8	1099
5.9	1066
6	1062
6.1	1041
6.2	1031
6.3	1057
6.4	1097
6.5	1046
6.6	1068
6.7	970
6.8	1013
6.9	1004
7	965
7.1	1014
7.2	984
7.3	956
7.4	971
7.5	915
7.6	1033
7.7	1002
7.8	974
7.9	966
8	982
8.1	1040
8.2	1019
8.3	1073
8.4	1060
8.5	1029
8.6	1116
8.7	1134
8.8	1104
8.9	1110
9	1180
9.1	1237
9.2	1122
9.3	1192
9.4	1167
9.5	1221
9.6	1132
9.7	1228
9.8	1319
9.9	1330
10	1341
10.1	1357
10.2	1333
10.3	1367
10.4	1387
10.5	1362
10.6	1422
10.7	1434
10.8	1457
10.9	1468
11	1551
11.1	1487
11.2	1512
11.3	1522
11.4	1556
11.5	1577
11.6	1640
11.7	1646
11.8	1606
11.9	1649
12	1672
12.1	1765
12.2	1728
12.3	1806
12.4	1759
12.5	1743
12.6	1814
12.7	1847
12.8	1856
12.9	1803
13	1928
13.1	1963
13.2	1970
13.3	2040
13.4	2097
13.5	2021
13.6	2102
13.7	2069
13.8	2164
13.9	2184
14	2094
14.1	2157
14.2	2198
14.3	2235
14.4	2218
14.5	2193
14.6	2245
14.7	2235
14.8	2193
14.9	2182
15	2328
15.1	2257
15.2	2296
15.3	2153
15.4	2162
15.5	2170
15.6	2208
15.7	2184
15.8	2137
15.9	2224
16	2124
16.1	2106
16.2	2050
16.3	2068
16.4	2034
16.5	2031
16.6	2006
16.7	2053
16.8	2001
16.9	2005
17	1970
17.1	2001
17.2	2009
17.3	1914
17.4	1990
17.5	1971
17.6	1888
17.7	1888
17.8	1862
17.9	1876
18	1802
18.1	1897
18.2	1809
18.3	1838
18.4	1904
18.5	1892
18.6	1812
18.7	1868
18.8	1867
18.9	1728
19	1749
19.1	1773
19.2	1733
19.3	1818
19.4	1843
19.5	1758
19.6	1758
19.7	1787
19.8	1756
19.9	1807
20	1770
20.1	1797
20.2	1701
20.3	1817
20.4	1744
20.5	1742
20.6	1698
20.7	1640
20.8	1746
20.9	1775
21	1774
21.1	1710
21.2	1618
21.3	1732
21.4	1676
21.5	1678
21.6	1739
21.7	1753
21.8	1606
21.9	1693
22	1700
22.1	1620
22.2	1607
22.3	1704
22.4	1736
22.5	1639
22.6	1734
22.7	1689
22.8	1625
22.9	1621
23	1694
23.1	1650
23.2	1609
23.3	1683
23.4	1679
23.5	1645
23.6	1656
23.7	1646
23.8	1699
23.9	1613
24	1701
24.1	1672
24.2	1661
24.3	1557
24.4	1612
24.5	1659
24.6	1621
24.7	1663
24.8	1582
24.9	1590
25	1590
25.1	1654
25.2	1602
25.3	1590
25.4	1690
25.5	1618
25.6	1706
25.7	1628
25.8	1612
25.9	1636
26	1609
26.1	1608
26.2	1609
26.3	1558
26.4	1631
26.5	1553
26.6	1609
26.7	1562
26.8	1629
26.9	1582
27	1639
27.1	1612
27.2	1600
27.3	1714
27.4	1640
27.5	1650
27.6	1553
27.7	1610
27.8	1597
27.9	1617
28	1630
28.1	1518
28.2	1556
28.3	1553
28.4	1566
28.5	1667
28.6	1546
28.7	1585
28.8	1596
28.9	1560
29	1574
29.1	1588
29.2	1492
29.3	1540
29.4	1577
29.5	1491
29.6	1559
29.7	1562
29.8	1600
29.9	1582
30	1518
30.1	1556
30.2	1558
30.3	1593
30.4	1536
30.5	1513
30.6	1637
30.7	1508
30.8	1543
30.9	1624
31	1534
31.1	1580
31.2	1591
31.3	1481
31.4	1516
31.5	1504
31.6	1575
31.7	1606
31.8	1531
31.9	1560
32	1505
32.1	1485
32.2	1557
32.3	1548
32.4	1513
32.5	1481
32.6	1538
32.7	1538
32.8	1491
32.9	1503
33	1490
33.1	1453
33.2	1536
33.3	1428
33.4	1439
33.5	1489
33.6	1463
33.7	1444
33.8	1442
33.9	1445
34	1548
34.1	1458
34.2	1515
34.3	1426
34.4	1462
34.5	1448
34.6	1433
34.7	1521
34.8	1550
34.9	1578
35	1514
35.1	1469
35.2	1558
35.3	1582
35.4	1504
35.5	1575
35.6	1545
35.7	1514
35.8	1506
35.9	1544
36	1537
36.1	1609
36.2	1581
36.3	1614
36.4	1596
36.5	1591
36.6	1576
36.7	1620
36.8	1574
36.9	1703
37	1616
37.1	1662
37.2	1690
37.3	1702
37.4	1619
37.5	1661
37.6	1659
37.7	1607
37.8	1652
37.9	1772
38	1711
38.1	1742
38.2	1771
38.3	1742
38.4	1720
38.5	1714
38.6	1728
38.7	1752
38.8	1826
38.9	1729
39	1800
39.1	1846
39.2	1765
39.3	1766
39.4	1811
39.5	1763
39.6	1912
39.7	1776
39.8	1843
39.9	1933
40	1878
40.1	1795
40.2	1829
40.3	1892
40.4	1928
40.5	1909
40.6	1871
40.7	1944
40.8	2006
40.9	1933
41	2005
41.1	1939
41.2	1962
41.3	2001
41.4	2045
41.5	2007
41.6	2105
41.7	1945
41.8	2104
41.9	2170
42	2080
42.1	2176
42.2	2233
42.3	2111
42.4	2205
42.5	2144
42.6	2148
42.7	2215
42.8	2203
42.9	2289
43	2277
43.1	2248
43.2	2336
43.3	2245
43.4	2456
43.5	2523
43.6	2478
43.7	2528
43.8	2593
43.9	2559
44	2602
44.1	2737
44.2	2750
44.3	2808
44.4	2926
44.5	2886
44.6	2879
44.7	2960
44.8	3122
44.9	3063
45	3124
45.1	3279
45.2	3322
45.3	3368
45.4	3351
45.5	3372
45.6	3455
45.7	3459
45.8	3544
45.9	3442
46	3466
46.1	3541
46.2	3652
46.3	3438
46.4	3575
46.5	3467
46.6	3466
46.7	3543
46.8	3380
46.9	3418
47	3309
47.1	3231
47.2	3241
47.3	3060
47.4	2953
47.5	3012
47.6	2902
47.7	2799
47.8	2617
47.9	2546
48	2606
48.1	2444
48.2	2306
48.3	2341
48.4	2166
48.5	2013
48.6	1924
48.7	1843
48.8	1771
48.9	1610
49	1662
49.1	1561
49.2	1516
49.3	1509
49.4	1368
49.5	1319
49.6	1291
49.7	1240
49.8	1224
49.9	1103
50	1114
50.1	1121
50.2	1066
50.3	1069
50.4	918
50.5	1011
50.6	928
50.7	996
50.8	929
50.9	906
51	943
51.1	886
51.2	872
51.3	825
51.4	863
51.5	842
51.6	849
51.7	739
51.8	829
51.9	823
52	816
52.1	786
52.2	783
52.3	796
52.4	816
52.5	765
52.6	767
52.7	771
52.8	753
52.9	820
53	781
53.1	785
53.2	734
53.3	751
53.4	758
53.5	671
53.6	723
53.7	680
53.8	736
53.9	733
54	665
54.1	692
54.2	691
54.3	692
54.4	711
54.5	663
54.6	648
54.7	685
54.8	736
54.9	699
55	653
55.1	687
55.2	665
55.3	633
55.4	680
55.5	625
55.6	663
55.7	655
55.8	606
55.9	663
56	631
56.1	628
56.2	681
56.3	635
56.4	682
56.5	615
56.6	626
56.7	573
56.8	632
56.9	603
57	578
57.1	620
57.2	618
57.3	584
57.4	598
57.5	608
57.6	570
57.7	572
57.8	597
57.9	574
58	639
58.1	616
58.2	566
58.3	624
58.4	573
58.5	610
58.6	589
58.7	563
58.8	542
58.9	569
59	562
59.1	576
59.2	565
59.3	586
59.4	529
59.5	573
59.6	509
59.7	571
59.8	542
59.9	523
60	571
60.1	571
60.2	549
60.3	509
60.4	560
60.5	511
60.6	550
60.7	497
60.8	501
60.9	530
61	526
61.1	485
61.2	511
61.3	574
61.4	452
61.5	488
61.6	465
61.7	498
61.8	496
61.9	470
62	482
62.1	461
62.2	466
62.3	484
62.4	459
62.5	448
62.6	481
62.7	463
62.8	443
62.9	447
63	455
63.1	442
63.2	479
63.3	482
63.4	450
63.5	448
63.6	409
63.7	442
63.8	437
63.9	393
64	424
64.1	421
64.2	404
64.3	410
64.4	428
64.5	427
64.6	360
64.7	389
64.8	433
64.9	430
65	398
65.1	439
65.2	402
65.3	411
65.4	357
65.5	395
65.6	368
65.7	324
65.8	350
65.9	378
66	375
66.1	384
66.2	388
66.3	378
66.4	394
66.5	374
66.6	335
66.7	382
66.8	342
66.9	418
67	366
67.1	366
67.2	372
67.3	346
67.4	346
67.5	339
67.6	313
67.7	340
67.8	363
67.9	352
68	360
68.1	344
68.2	352
68.3	345
68.4	354
68.5	319
68.6	296
68.7	349
68.8	357
68.9	337
69	306
69.1	317
69.2	302
69.3	331
69.4	348
69.5	313
69.6	332
69.7	302
69.8	301
69.9	341
70	335
70.1	286
70.2	331
70.3	323
70.4	290
70.5	279
70.6	316
70.7	310
70.8	325
70.9	287
71	300
71.1	277
71.2	320
71.3	319
71.4	254
71.5	289
71.6	284
71.7	298
71.8	262
71.9	273
72	272
72.1	303
72.2	314
72.3	269
72.4	293
72.5	305
72.6	279
72.7	289
72.8	255
72.9	233
73	265
73.1	275
73.2	272
73.3	249
73.4	283
73.5	266
73.6	283
73.7	253
73.8	265
73.9	267
74	252
74.1	264
74.2	235
74.3	269
74.4	289
74.5	254
74.6	245
74.7	263
74.8	234
74.9	266
75	255
75.1	265
75.2	252
75.3	221
75.4	273
75.5	232
75.6	220
75.7	230
75.8	257
75.9	249
76	223
76.1	218
76.2	239
76.3	256
76.4	256
76.5	224
76.6	243
76.7	247
76.8	222
76.9	239
77	209
77.1	214
77.2	212
77.3	235
77.4	238
77.5	186
77.6	222
77.7	236
77.8	217
77.9	194
78	217
78.1	206
78.2	206
78.3	216
78.4	232
78.5	222
78.6	224
78.7	211
78.8	187
78.9	212
79	211
79.1	216
79.2	179
79.3	213
79.4	186
79.5	210
79.6	199
79.7	164
79.8	205
79.9	200
80	185
80.1	213
80.2	166
80.3	234
80.4	183
80.5	202
80.6	186
80.7	192
80.8	202
80.9	174
81	188
81.1	195
81.2	184
81.3	176
81.4	174
81.5	176
81.6	192
81.7	168
81.8	162
81.9	191
82	176
82.1	165
82.2	170
82.3	175
82.4	173
82.5	168
82.6	160
82.7	190
82.8	171
82.9	169
83	145
83.1	175
83.2	189
83.3	208
83.4	147
83.5	194
83.6	172
83.7	147
83.8	161
83.9	151
84	147
84.1	165
84.2	151
84.3	140
84.4	152
84.5	174
84.6	155
84.7	182
84.8	155
84.9	155
85	148
85.1	166
85.2	150
85.3	166
85.4	154
85.5	152
85.6	150
85.7	160
85.8	184
85.9	143
86	150
86.1	143
86.2	153
86.3	162
86.4	167
86.5	138
86.6	161
86.7	161
86.8	151
86.9	138
87	136
87.1	164
87.2	150
87.3	141
87.4	159
87.5	152
87.6	141
87.7	164
87.8	134
87.9	135
88	166
88.1	148
88.2	174
88.3	169
88.4	154
88.5	171
88.6	171
88.7	140
88.8	152
88.9	137
89	156
89.1	164
89.2	142
89.3	138
89.4	170
89.5	164
89.6	128
89.7	141
89.8	142
89.9	142
90	125
90.1	133
90.2	149
90.3	121
90.4	143
90.5	142
90.6	144
90.7	124
90.8	139
90.9	161
91	156
91.1	146
91.2	125
91.3	106
91.4	134
91.5	137
91.6	125
91.7	125
91.8	129
91.9	98
92	125
92.1	135
92.2	110
92.3	133
92.4	130
92.5	112
92.6	125
92.7	132
92.8	124
92.9	101
93	116
93.1	97
93.2	107
93.3	105
93.4	111
93.5	103
93.6	102
93.7	104
93.8	97
93.9	104
94	113
94.1	100
94.2	97
94.3	95
94.4	90
94.5	93
94.6	94
94.7	90
94.8	73
94.9	75
95	90
95.1	81
95.2	84
95.3	77
95.4	66
95.5	71
95.6	82
95.7	84
95.8	68
95.9	77
96	70
96.1	59
96.2	79
96.3	58
96.4	65
96.5	69
96.6	68
96.7	48
96.8	63
96.9	68
97	60
97.1	51
97.2	51
97.3	50
97.4	49
97.5	53
97.6	67
97.7	53
97.8	52
97.9	37
98	49
98.1	47
98.2	61
98.3	59
98.4	51
98.5	55
98.6	47
98.7	46
98.8	37
98.9	53
99	56
99.1	36
99.2	55
99.3	56
99.4	34
99.5	48
99.6	51
99.7	46
99.8	40
99.9	39
100	54
100.1	43
100.2	47
100.3	44
100.4	33
100.5	44
100.6	53
100.7	49
100.8	42
100.9	53
101	36
101.1	43
101.2	43
101.3	35
101.4	50
101.5	45
101.6	33
101.7	36
101.8	37
101.9	37
102	36
102.1	37
102.2	38
102.3	38
102.4	32
102.5	41
102.6	32
102.7	31
102.8	34
102.9	44
103	36
103.1	29
103.2	38
103.3	30
103.4	35
103.5	34
103.6	38
103.7	41
103.8	31
103.9	40
104	33
104.1	39
104.2	33
104.3	33
104.4	53
104.5	33
104.6	38
104.7	32
104.8	29
104.9	29
105	50
105.1	31
105.2	31
105.3	26
105.4	25
105.5	24
105.6	40
105.7	32
105.8	25
105.9	19
106	27
106.1	28
106.2	33
106.3	31
106.4	40
106.5	37
106.6	29
106.7	32
106.8	26
106.9	27
107	19
107.1	22
107.2	21
107.3	28
107.4	23
107.5	33
107.6	24
107.7	29
107.8	23
107.9	22
108	37
108.1	37
108.2	21
108.3	34
108.4	25
108.5	26
108.6	26
108.7	19
108.8	27
108.9	30
109	28
109.1	32
109.2	27
109.3	17
109.4	31
109.5	19
109.6	28
109.7	24
109.8	23
109.9	26
110	22
110.1	20
110.2	23
110.3	23
110.4	33
110.5	18
110.6	16
110.7	17
110.8	31
110.9	23
111	22
111.1	21
111.2	19
111.3	24
111.4	20
111.5	20
111.6	32
111.7	16
111.8	17
111.9	18
112	22
112.1	23
112.2	17
112.3	26
112.4	29
112.5	20
112.6	25
112.7	19
112.8	27
112.9	28
113	15
113.1	16
113.2	18
113.3	20
113.4	22
113.5	21
113.6	21
113.7	18
113.8	20
113.9	20
114	22
114.1	12
114.2	27
114.3	17
114.4	24
114.5	20
114.6	16
114.7	12
114.8	16
114.9	23
115	25
115.1	10
115.2	19
115.3	18
115.4	16
115.5	16
115.6	11
115.7	22
115.8	13
115.9	23
116	17
116.1	16
116.2	16
116.3	17
116.4	15
116.5	19
116.6	15
116.7	16
116.8	28
116.9	21
117	15
117.1	22
117.2	18
117.3	25
117.4	10
117.5	20
117.6	15
117.7	12
117.8	15
117.9	15
118	11
118.1	20
118.2	10
118.3	13
118.4	9
118.5	10
118.6	21
118.7	16
118.8	18
118.9	19
119	20
119.1	17
119.2	8
119.3	17
119.4	17
119.5	11
119.6	9
119.7	17
119.8	16
119.9	11
120	14
120.1	13
120.2	11
120.3	9
120.4	10
120.5	18
120.6	10
120.7	17
120.8	14
120.9	18
121	10
121.1	11
121.2	14
121.3	10
121.4	15
121.5	22
121.6	11
121.7	11
121.8	13
121.9	11
122	11
122.1	12
122.2	17
122.3	16
122.4	11
122.5	8
122.6	7
122.7	18
122.8	14
122.9	10
123	10
123.1	8
123.2	14
123.3	11
123.4	11
123.5	9
123.6	6
123.7	9
123.8	7
123.9	11
124	14
124.1	13
124.2	14
124.3	8
124.4	14
124.5	12
124.6	11
124.7	11
124.8	11
124.9	7
125	10
125.1	12
125.2	8
125.3	5
125.4	12
125.5	7
125.6	11
125.7	6
125.8	4
125.9	12
126	9
126.1	13
126.2	11
126.3	8
126.4	5
126.5	4
126.6	12
126.7	10
126.8	6
126.9	4
127	9
127.1	13
127.2	7
127.3	11
127.4	9
127.5	8
127.6	6
127.7	11
127.8	9
127.9	5
128	7
128.1	7
128.2	2
128.3	9
128.4	8
128.5	9
128.6	4
128.7	9
128.8	10
128.9	8
129	4
129.1	5
129.2	5
129.3	3
129.4	7
129.5	7
129.6	4
129.7	4
129.8	5
129.9	3
130	11
130.1	10
130.2	7
130.3	4
130.4	7
130.5	4
130.6	5
130.7	5
130.8	5
130.9	4
131	3
131.1	11
131.2	6
131.3	3
131.4	4
131.5	0
131.6	7
131.7	4
131.8	7
131.9	7
132	4
132.1	2
132.2	8
132.3	4
132.4	4
132.5	7
132.6	4
132.7	5
132.8	2
132.9	4
133	7
133.1	11
133.2	3
133.3	2
133.4	2
133.5	4
133.6	6
133.7	5
133.8	5
133.9	4
134	3
134.1	5
134.2	5
134.3	5
134.4	3
134.5	2
134.6	1
134.7	7
134.8	1
134.9	4
135	0
135.1	1
135.2	4
135.3	2
135.4	4
135.5	3
135.6	2
135.7	4
135.8	1
135.9	1
136	2
136.1	3
136.2	2
136.3	1
136.4	1
136.5	3
136.6	4
136.7	3
136.8	1
136.9	1
137	1
137.1	1
137.2	2
137.3	2
137.4	0
137.5	1
137.6	0
137.7	0
137.8	2
137.9	3
138	0
138.1	2
138.2	0
138.3	0
138.4	1
138.5	0
138.6	3
138.7	0
138.8	0
138.9	1
139	1
139.1	0
139.2	2
139.3	3
139.4	0
139.5	2
139.6	0
139.7	2
139.8	1
139.9	0
140	0
140.1	1
140.2	1
140.3	2
140.4	2
140.5	0
140.6	1
140.7	1
140.8	2
140.9	1
141	3
141.1	0
141.2	0
141.3	0
141.4	1
141.5	1
141.6	1
141.7	0
141.8	3
141.9	1
142	1
142.1	0
142.2	0
142.3	1
142.4	0
142.5	0
142.6	0
142.7	0
142.8	1
142.9	1
143	2
143.1	0
143.2	2
143.3	1
143.4	1
143.5	2
143.6	0
143.7	0
143.8	0
143.9	1
144	0
144.1	1
144.2	0
144.3	0
144.4	0
144.5	1
144.6	0
144.7	0
144.8	0
144.9	1
145	1
145.1	0
145.2	0
145.3	0
145.4	0
145.5	1
145.6	1
145.7	0
145.8	0
145.9	3
146	0
146.1	1
146.2	0
146.3	1
146.4	1
146.5	1
146.6	0
146.7	0
146.8	1
146.9	0
147	0
147.1	0
147.2	1
147.3	1
147.4	0
147.5	0
147.6	0
147.7	0
147.8	0
147.9	0
148	0
148.1	0
148.2	0
148.3	0
148.4	0
148.5	0
148.6	0
148.7	0
148.8	0
148.9	1
149	0
149.1	0
149.2	0
149.3	0
149.4	0
149.5	0
149.6	0
149.7	1
149.8	0
149.9	0
150	0
150.1	0
150.2	0
150.3	0
150.4	0
150.5	0
150.6	0
150.7	0
150.8	0
150.9	0
151	0
151.1	0
151.2	1
