Height/arb.u.	Counts
0	0
0.1	0
0.2	0
0.3	498
0.4	143
0.5	106
0.6	163
0.7	197
0.8	188
0.9	239
1	282
1.1	318
1.2	388
1.3	428
1.4	418
1.5	485
1.6	453
1.7	475
1.8	512
1.9	496
2	592
2.1	618
2.2	640
2.3	674
2.4	752
2.5	817
2.6	848
2.7	823
2.8	902
2.9	950
3	1070
3.1	1139
3.2	1303
3.3	1486
3.4	1646
3.5	1752
3.6	1960
3.7	2003
3.8	2049
3.9	2074
4	2123
4.1	2067
4.2	2070
4.3	2121
4.4	2230
4.5	2380
4.6	2476
4.7	2531
4.8	2617
4.9	2811
5	2989
5.1	3349
5.2	3447
5.3	3928
5.4	4231
5.5	4604
5.6	5039
5.7	5445
5.8	5885
5.9	5960
6	6006
6.1	5821
6.2	5617
6.3	5249
6.4	4986
6.5	4505
6.6	4404
6.7	3920
6.8	3400
6.9	3102
7	2996
7.1	2768
7.2	2570
7.3	2422
7.4	2156
7.5	1986
7.6	1937
7.7	1728
7.8	1766
7.9	1814
8	1788
8.1	1673
8.2	1682
8.3	1671
8.4	1740
8.5	1651
8.6	1815
8.7	1723
8.8	1783
8.9	1843
9	1819
9.1	1746
9.2	1899
9.3	1949
9.4	1908
9.5	1921
9.6	2029
9.7	2042
9.8	2057
9.9	2042
10	2049
10.1	2095
10.2	2112
10.3	2079
10.4	2134
10.5	2240
10.6	2208
10.7	2328
10.8	2195
10.9	2306
11	2253
11.1	2370
11.2	2328
11.3	2327
11.4	2245
11.5	2373
11.6	2321
11.7	2352
11.8	2302
11.9	2305
12	2268
12.1	2298
12.2	2272
12.3	2333
12.4	2276
12.5	2421
12.6	2369
12.7	2401
12.8	2460
12.9	2298
13	2342
13.1	2437
13.2	2472
13.3	2438
13.4	2539
13.5	2533
13.6	2526
13.7	2522
13.8	2505
13.9	2460
14	2416
14.1	2414
14.2	2300
14.3	2312
14.4	2305
14.5	2275
14.6	2281
14.7	2254
14.8	2203
14.9	2234
15	2189
15.1	2156
15.2	2065
15.3	2191
15.4	2124
15.5	2165
15.6	2174
15.7	2191
15.8	2161
15.9	2199
16	2200
16.1	2228
16.2	2287
16.3	2365
16.4	2334
16.5	2392
16.6	2415
16.7	2528
16.8	2506
16.9	2571
17	2563
17.1	2525
17.2	2620
17.3	2538
17.4	2574
17.5	2599
17.6	2644
17.7	2610
17.8	2540
17.9	2533
18	2513
18.1	2499
18.2	2496
18.3	2418
18.4	2384
18.5	2306
18.6	2354
18.7	2311
18.8	2326
18.9	2407
19	2206
19.1	2451
19.2	2254
19.3	2367
19.4	2397
19.5	2340
19.6	2386
19.7	2585
19.8	2527
19.9	2528
20	2627
20.1	2631
20.2	2640
20.3	2666
20.4	2824
20.5	2788
20.6	2875
20.7	2857
20.8	2922
20.9	2943
21	2872
21.1	2870
21.2	2900
21.3	2857
21.4	2777
21.5	2801
21.6	2758
21.7	2680
21.8	2649
21.9	2606
22	2559
22.1	2496
22.2	2310
22.3	2397
22.4	2374
22.5	2273
22.6	2265
22.7	2268
22.8	2277
22.9	2230
23	2216
23.1	2299
23.2	2371
23.3	2359
23.4	2306
23.5	2343
23.6	2343
23.7	2434
23.8	2482
23.9	2621
24	2642
24.1	2683
24.2	2824
24.3	2809
24.4	2801
24.5	2830
24.6	2834
24.7	2839
24.8	2898
24.9	2828
25	2806
25.1	2741
25.2	2733
25.3	2626
25.4	2528
25.5	2589
25.6	2493
25.7	2352
25.8	2360
25.9	2199
26	2063
26.1	1951
26.2	1904
26.3	1788
26.4	1799
26.5	1717
26.6	1648
26.7	1558
26.8	1603
26.9	1468
27	1452
27.1	1396
27.2	1270
27.3	1257
27.4	1272
27.5	1208
27.6	1208
27.7	1156
27.8	1209
27.9	1151
28	1106
28.1	1062
28.2	1109
28.3	1130
28.4	1001
28.5	1044
28.6	1035
28.7	1024
28.8	1014
28.9	973
29	966
29.1	969
29.2	922
29.3	1031
29.4	967
29.5	936
29.6	962
29.7	952
29.8	966
29.9	917
30	983
30.1	897
30.2	906
30.3	956
30.4	929
30.5	902
30.6	857
30.7	877
30.8	871
30.9	883
31	908
31.1	885
31.2	894
31.3	905
31.4	839
31.5	825
31.6	876
31.7	849
31.8	868
31.9	884
32	867
32.1	822
32.2	861
32.3	876
32.4	798
32.5	842
32.6	844
32.7	855
32.8	806
32.9	812
33	832
33.1	810
33.2	790
33.3	809
33.4	828
33.5	879
33.6	783
33.7	851
33.8	796
33.9	823
34	864
34.1	815
34.2	806
34.3	790
34.4	798
34.5	817
34.6	899
34.7	816
34.8	825
34.9	788
35	854
35.1	795
35.2	831
35.3	833
35.4	754
35.5	830
35.6	782
35.7	827
35.8	805
35.9	804
36	821
36.1	785
36.2	772
36.3	856
36.4	797
36.5	831
36.6	783
36.7	843
36.8	859
36.9	787
37	820
37.1	815
37.2	912
37.3	815
37.4	796
37.5	856
37.6	811
37.7	845
37.8	860
37.9	832
38	848
38.1	877
38.2	842
38.3	880
38.4	903
38.5	848
38.6	859
38.7	884
38.8	924
38.9	882
39	950
39.1	934
39.2	987
39.3	926
39.4	951
39.5	919
39.6	1027
39.7	990
39.8	963
39.9	1004
40	1014
40.1	1072
40.2	977
40.3	1088
40.4	1136
40.5	1085
40.6	1064
40.7	1126
40.8	1139
40.9	1234
41	1164
41.1	1177
41.2	1200
41.3	1236
41.4	1243
41.5	1369
41.6	1276
41.7	1297
41.8	1358
41.9	1358
42	1307
42.1	1342
42.2	1364
42.3	1280
42.4	1301
42.5	1261
42.6	1300
42.7	1307
42.8	1308
42.9	1299
43	1249
43.1	1193
43.2	1212
43.3	1180
43.4	1108
43.5	1094
43.6	1014
43.7	1021
43.8	1049
43.9	973
44	917
44.1	917
44.2	893
44.3	892
44.4	836
44.5	830
44.6	784
44.7	781
44.8	773
44.9	764
45	699
45.1	671
45.2	635
45.3	681
45.4	691
45.5	630
45.6	592
45.7	595
45.8	533
45.9	597
46	586
46.1	582
46.2	584
46.3	547
46.4	564
46.5	557
46.6	560
46.7	569
46.8	522
46.9	557
47	539
47.1	553
47.2	543
47.3	544
47.4	540
47.5	526
47.6	539
47.7	529
47.8	543
47.9	513
48	525
48.1	538
48.2	509
48.3	483
48.4	518
48.5	529
48.6	497
48.7	523
48.8	462
48.9	520
49	508
49.1	523
49.2	517
49.3	458
49.4	516
49.5	496
49.6	495
49.7	481
49.8	454
49.9	492
50	484
50.1	469
50.2	480
50.3	467
50.4	465
50.5	487
50.6	469
50.7	458
50.8	438
50.9	454
51	500
51.1	501
51.2	461
51.3	448
51.4	474
51.5	487
51.6	485
51.7	474
51.8	436
51.9	479
52	487
52.1	502
52.2	468
52.3	501
52.4	477
52.5	490
52.6	457
52.7	516
52.8	513
52.9	477
53	456
53.1	466
53.2	497
53.3	442
53.4	463
53.5	458
53.6	471
53.7	497
53.8	505
53.9	458
54	506
54.1	435
54.2	482
54.3	443
54.4	446
54.5	423
54.6	415
54.7	458
54.8	454
54.9	427
55	447
55.1	429
55.2	423
55.3	435
55.4	427
55.5	389
55.6	473
55.7	427
55.8	398
55.9	399
56	403
56.1	453
56.2	387
56.3	393
56.4	369
56.5	411
56.6	386
56.7	412
56.8	397
56.9	398
57	373
57.1	400
57.2	373
57.3	414
57.4	395
57.5	393
57.6	371
57.7	410
57.8	351
57.9	382
58	403
58.1	342
58.2	361
58.3	357
58.4	398
58.5	353
58.6	389
58.7	359
58.8	397
58.9	371
59	353
59.1	345
59.2	350
59.3	382
59.4	340
59.5	337
59.6	322
59.7	349
59.8	357
59.9	360
60	356
60.1	336
60.2	399
60.3	324
60.4	372
60.5	363
60.6	335
60.7	368
60.8	314
60.9	337
61	341
61.1	343
61.2	352
61.3	377
61.4	368
61.5	366
61.6	339
61.7	358
61.8	338
61.9	336
62	334
62.1	354
62.2	349
62.3	385
62.4	345
62.5	344
62.6	358
62.7	327
62.8	326
62.9	361
63	314
63.1	351
63.2	350
63.3	336
63.4	333
63.5	330
63.6	378
63.7	351
63.8	328
63.9	341
64	333
64.1	304
64.2	383
64.3	322
64.4	344
64.5	345
64.6	316
64.7	342
64.8	364
64.9	351
65	342
65.1	332
65.2	324
65.3	301
65.4	328
65.5	352
65.6	300
65.7	345
65.8	314
65.9	317
66	331
66.1	320
66.2	312
66.3	336
66.4	328
66.5	311
66.6	306
66.7	301
66.8	329
66.9	315
67	299
67.1	287
67.2	294
67.3	301
67.4	314
67.5	315
67.6	286
67.7	312
67.8	295
67.9	298
68	295
68.1	298
68.2	316
68.3	305
68.4	319
68.5	303
68.6	301
68.7	280
68.8	297
68.9	297
69	301
69.1	323
69.2	268
69.3	272
69.4	322
69.5	329
69.6	270
69.7	292
69.8	281
69.9	339
70	270
70.1	344
70.2	271
70.3	319
70.4	300
70.5	300
70.6	303
70.7	321
70.8	311
70.9	312
71	311
71.1	339
71.2	312
71.3	310
71.4	344
71.5	331
71.6	304
71.7	334
71.8	353
71.9	329
72	343
72.1	356
72.2	354
72.3	345
72.4	344
72.5	353
72.6	322
72.7	337
72.8	353
72.9	359
73	335
73.1	368
73.2	365
73.3	378
73.4	404
73.5	359
73.6	405
73.7	368
73.8	394
73.9	391
74	400
74.1	406
74.2	387
74.3	414
74.4	401
74.5	424
74.6	399
74.7	416
74.8	361
74.9	411
75	395
75.1	395
75.2	413
75.3	395
75.4	422
75.5	417
75.6	392
75.7	440
75.8	382
75.9	372
76	365
76.1	399
76.2	399
76.3	359
76.4	391
76.5	352
76.6	330
76.7	350
76.8	340
76.9	362
77	347
77.1	358
77.2	358
77.3	353
77.4	345
77.5	316
77.6	326
77.7	335
77.8	289
77.9	292
78	284
78.1	341
78.2	323
78.3	335
78.4	302
78.5	307
78.6	312
78.7	268
78.8	324
78.9	279
79	274
79.1	332
79.2	330
79.3	300
79.4	290
79.5	318
79.6	308
79.7	320
79.8	308
79.9	307
80	319
80.1	288
80.2	297
80.3	320
80.4	312
80.5	320
80.6	317
80.7	317
80.8	309
80.9	315
81	272
81.1	328
81.2	305
81.3	300
81.4	316
81.5	318
81.6	308
81.7	307
81.8	307
81.9	312
82	321
82.1	303
82.2	282
82.3	313
82.4	286
82.5	273
82.6	302
82.7	318
82.8	278
82.9	281
83	323
83.1	290
83.2	267
83.3	311
83.4	268
83.5	294
83.6	304
83.7	267
83.8	277
83.9	308
84	274
84.1	249
84.2	261
84.3	265
84.4	274
84.5	293
84.6	305
84.7	258
84.8	277
84.9	264
85	305
85.1	289
85.2	306
85.3	278
85.4	252
85.5	270
85.6	265
85.7	277
85.8	274
85.9	289
86	281
86.1	293
86.2	277
86.3	272
86.4	280
86.5	275
86.6	295
86.7	290
86.8	269
86.9	264
87	281
87.1	319
87.2	285
87.3	293
87.4	284
87.5	250
87.6	249
87.7	294
87.8	312
87.9	283
88	269
88.1	307
88.2	260
88.3	255
88.4	271
88.5	280
88.6	258
88.7	301
88.8	268
88.9	296
89	284
89.1	236
89.2	254
89.3	256
89.4	232
89.5	248
89.6	265
89.7	252
89.8	200
89.9	233
90	233
90.1	244
90.2	216
90.3	239
90.4	241
90.5	249
90.6	248
90.7	257
90.8	232
90.9	235
91	222
91.1	240
91.2	212
91.3	238
91.4	246
91.5	234
91.6	226
91.7	243
91.8	210
91.9	244
92	217
92.1	211
92.2	230
92.3	203
92.4	223
92.5	216
92.6	225
92.7	216
92.8	180
92.9	200
93	216
93.1	187
93.2	217
93.3	201
93.4	220
93.5	245
93.6	196
93.7	191
93.8	221
93.9	209
94	193
94.1	172
94.2	196
94.3	184
94.4	211
94.5	208
94.6	208
94.7	191
94.8	191
94.9	192
95	189
95.1	186
95.2	187
95.3	159
95.4	165
95.5	200
95.6	189
95.7	194
95.8	183
95.9	189
96	184
96.1	195
96.2	161
96.3	197
96.4	196
96.5	200
96.6	182
96.7	173
96.8	182
96.9	177
97	172
97.1	158
97.2	188
97.3	183
97.4	172
97.5	186
97.6	190
97.7	176
97.8	170
97.9	174
98	176
98.1	186
98.2	172
98.3	181
98.4	177
98.5	205
98.6	197
98.7	162
98.8	182
98.9	186
99	177
99.1	173
99.2	178
99.3	178
99.4	182
99.5	168
99.6	188
99.7	184
99.8	211
99.9	182
100	212
100.1	190
100.2	215
100.3	190
100.4	204
100.5	242
100.6	184
100.7	198
100.8	219
100.9	215
101	226
101.1	223
101.2	224
101.3	222
101.4	206
101.5	228
101.6	210
101.7	199
101.8	212
101.9	196
102	215
102.1	191
102.2	225
102.3	228
102.4	227
102.5	185
102.6	163
102.7	203
102.8	183
102.9	164
103	201
103.1	160
103.2	153
103.3	180
103.4	174
103.5	162
103.6	163
103.7	168
103.8	150
103.9	136
104	154
104.1	151
104.2	161
104.3	153
104.4	152
104.5	131
104.6	141
104.7	119
104.8	128
104.9	131
105	139
105.1	118
105.2	110
105.3	117
105.4	106
105.5	130
105.6	107
105.7	112
105.8	119
105.9	125
106	113
106.1	104
106.2	102
106.3	106
106.4	114
106.5	138
106.6	117
106.7	104
106.8	101
106.9	122
107	101
107.1	96
107.2	91
107.3	97
107.4	101
107.5	112
107.6	106
107.7	103
107.8	96
107.9	94
108	101
108.1	102
108.2	80
108.3	102
108.4	80
108.5	78
108.6	97
108.7	105
108.8	92
108.9	79
109	93
109.1	89
109.2	102
109.3	101
109.4	76
109.5	65
109.6	86
109.7	93
109.8	83
109.9	78
110	92
110.1	86
110.2	87
110.3	83
110.4	65
110.5	84
110.6	71
110.7	92
110.8	66
110.9	86
111	61
111.1	87
111.2	68
111.3	67
111.4	73
111.5	69
111.6	71
111.7	97
111.8	84
111.9	76
112	78
112.1	76
112.2	64
112.3	75
112.4	60
112.5	71
112.6	77
112.7	70
112.8	81
112.9	71
113	80
113.1	78
113.2	75
113.3	76
113.4	89
113.5	87
113.6	88
113.7	92
113.8	77
113.9	90
114	84
114.1	96
114.2	72
114.3	86
114.4	71
114.5	91
114.6	70
114.7	80
114.8	78
114.9	78
115	84
115.1	87
115.2	77
115.3	80
115.4	88
115.5	61
115.6	67
115.7	81
115.8	93
115.9	68
116	85
116.1	81
116.2	65
116.3	62
116.4	90
116.5	65
116.6	83
116.7	63
116.8	74
116.9	62
117	63
117.1	55
117.2	62
117.3	72
117.4	61
117.5	71
117.6	59
117.7	67
117.8	44
117.9	54
118	49
118.1	53
118.2	66
118.3	52
118.4	64
118.5	55
118.6	72
118.7	60
118.8	66
118.9	49
119	44
119.1	52
119.2	61
119.3	51
119.4	51
119.5	53
119.6	37
119.7	50
119.8	46
119.9	63
120	46
120.1	56
120.2	45
120.3	43
120.4	51
120.5	44
120.6	32
120.7	56
120.8	40
120.9	46
121	56
121.1	47
121.2	45
121.3	59
121.4	62
121.5	36
121.6	43
121.7	35
121.8	43
121.9	53
122	41
122.1	46
122.2	44
122.3	47
122.4	51
122.5	37
122.6	36
122.7	44
122.8	40
122.9	46
123	39
123.1	39
123.2	29
123.3	40
123.4	33
123.5	41
123.6	27
123.7	34
123.8	40
123.9	40
124	36
124.1	35
124.2	27
124.3	30
124.4	38
124.5	33
124.6	33
124.7	43
124.8	30
124.9	28
125	36
125.1	34
125.2	30
125.3	31
125.4	33
125.5	36
125.6	33
125.7	29
125.8	40
125.9	31
126	25
126.1	21
126.2	24
126.3	25
126.4	37
126.5	24
126.6	15
126.7	27
126.8	29
126.9	31
127	34
127.1	24
127.2	29
127.3	28
127.4	22
127.5	23
127.6	27
127.7	26
127.8	22
127.9	28
128	30
128.1	25
128.2	31
128.3	23
128.4	24
128.5	27
128.6	19
128.7	19
128.8	26
128.9	19
129	26
129.1	24
129.2	34
129.3	21
129.4	23
129.5	28
129.6	18
129.7	18
129.8	16
129.9	14
130	25
130.1	19
130.2	19
130.3	16
130.4	27
130.5	12
130.6	17
130.7	12
130.8	22
130.9	17
131	23
131.1	26
131.2	16
131.3	20
131.4	19
131.5	17
131.6	21
131.7	18
131.8	14
131.9	15
132	18
132.1	11
132.2	15
132.3	19
132.4	17
132.5	17
132.6	27
132.7	19
132.8	22
132.9	16
133	11
133.1	17
133.2	11
133.3	17
133.4	15
133.5	16
133.6	18
133.7	13
133.8	20
133.9	14
134	12
134.1	11
134.2	24
134.3	14
134.4	10
134.5	17
134.6	10
134.7	15
134.8	14
134.9	13
135	9
135.1	8
135.2	12
135.3	12
135.4	8
135.5	10
135.6	9
135.7	7
135.8	11
135.9	10
136	6
136.1	10
136.2	18
136.3	12
136.4	15
136.5	9
136.6	8
136.7	11
136.8	19
136.9	7
137	12
137.1	1
137.2	10
137.3	7
137.4	8
137.5	9
137.6	9
137.7	5
137.8	9
137.9	13
138	7
138.1	11
138.2	4
138.3	12
138.4	9
138.5	6
138.6	10
138.7	5
138.8	3
138.9	4
139	5
139.1	7
139.2	6
139.3	7
139.4	4
139.5	6
139.6	5
139.7	2
139.8	6
139.9	7
140	4
140.1	6
140.2	7
140.3	3
140.4	2
140.5	4
140.6	4
140.7	4
140.8	4
140.9	4
141	2
141.1	3
141.2	4
141.3	3
141.4	1
141.5	4
141.6	0
141.7	3
141.8	5
141.9	1
142	3
142.1	4
142.2	3
142.3	7
142.4	4
142.5	4
142.6	3
142.7	4
142.8	2
142.9	2
143	2
143.1	1
143.2	3
143.3	4
143.4	1
143.5	4
143.6	2
143.7	2
143.8	0
143.9	0
144	2
144.1	0
144.2	1
144.3	1
144.4	1
144.5	2
144.6	2
144.7	1
144.8	0
144.9	0
145	1
145.1	1
145.2	1
145.3	1
145.4	0
145.5	0
145.6	0
145.7	0
145.8	0
145.9	0
146	1
146.1	1
146.2	1
146.3	1
146.4	0
146.5	0
146.6	0
146.7	1
146.8	0
146.9	0
147	0
147.1	2
147.2	1
147.3	1
147.4	0
147.5	0
147.6	1
147.7	0
147.8	0
147.9	1
148	0
148.1	0
148.2	0
148.3	0
148.4	0
148.5	0
148.6	0
148.7	0
148.8	0
148.9	0
149	0
149.1	0
149.2	0
149.3	0
149.4	0
149.5	0
149.6	0
149.7	0
149.8	1
149.9	0
150	0
150.1	0
150.2	0
150.3	0
150.4	0
150.5	0
150.6	0
150.7	1
150.8	0
150.9	0
151	0
151.1	0
151.2	0
151.3	0
151.4	0
151.5	0
151.6	0
151.7	0
151.8	0
151.9	0
152	0
152.1	0
152.2	0
152.3	1
