Height/arb.u.	Counts
0	0
0.1	0
0.2	0
0.3	603
0.4	192
0.5	129
0.6	142
0.7	177
0.8	176
0.9	239
1	257
1.1	270
1.2	403
1.3	397
1.4	407
1.5	423
1.6	460
1.7	464
1.8	501
1.9	509
2	514
2.1	560
2.2	670
2.3	678
2.4	751
2.5	777
2.6	827
2.7	870
2.8	924
2.9	1000
3	1030
3.1	1125
3.2	1177
3.3	1266
3.4	1474
3.5	1663
3.6	1750
3.7	1931
3.8	1982
3.9	2066
4	2130
4.1	2050
4.2	2092
4.3	2101
4.4	2291
4.5	2365
4.6	2455
4.7	2550
4.8	2603
4.9	2859
5	2958
5.1	3200
5.2	3368
5.3	3707
5.4	3953
5.5	4340
5.6	4597
5.7	4819
5.8	5295
5.9	5406
6	5516
6.1	5443
6.2	5268
6.3	4984
6.4	4802
6.5	4491
6.6	4092
6.7	3761
6.8	3471
6.9	3283
7	3077
7.1	2718
7.2	2553
7.3	2391
7.4	2151
7.5	2098
7.6	1930
7.7	1897
7.8	1904
7.9	1799
8	1794
8.1	1806
8.2	1838
8.3	1859
8.4	1885
8.5	1847
8.6	1797
8.7	1876
8.8	1990
8.9	1935
9	1945
9.1	1918
9.2	1884
9.3	2080
9.4	2030
9.5	2073
9.6	2088
9.7	2035
9.8	2136
9.9	2233
10	2210
10.1	2163
10.2	2217
10.3	2327
10.4	2222
10.5	2246
10.6	2340
10.7	2367
10.8	2332
10.9	2415
11	2393
11.1	2370
11.2	2448
11.3	2429
11.4	2480
11.5	2407
11.6	2374
11.7	2460
11.8	2439
11.9	2426
12	2312
12.1	2429
12.2	2443
12.3	2446
12.4	2348
12.5	2334
12.6	2455
12.7	2474
12.8	2403
12.9	2524
13	2505
13.1	2569
13.2	2559
13.3	2543
13.4	2559
13.5	2566
13.6	2575
13.7	2505
13.8	2702
13.9	2524
14	2619
14.1	2521
14.2	2517
14.3	2358
14.4	2403
14.5	2361
14.6	2320
14.7	2351
14.8	2380
14.9	2228
15	2232
15.1	2301
15.2	2227
15.3	2269
15.4	2296
15.5	2277
15.6	2222
15.7	2274
15.8	2217
15.9	2280
16	2252
16.1	2267
16.2	2276
16.3	2337
16.4	2355
16.5	2365
16.6	2331
16.7	2491
16.8	2531
16.9	2492
17	2501
17.1	2538
17.2	2648
17.3	2576
17.4	2586
17.5	2662
17.6	2605
17.7	2626
17.8	2642
17.9	2538
18	2541
18.1	2593
18.2	2466
18.3	2459
18.4	2448
18.5	2455
18.6	2406
18.7	2420
18.8	2407
18.9	2327
19	2318
19.1	2362
19.2	2407
19.3	2395
19.4	2321
19.5	2400
19.6	2341
19.7	2427
19.8	2444
19.9	2517
20	2494
20.1	2454
20.2	2607
20.3	2623
20.4	2646
20.5	2645
20.6	2829
20.7	2833
20.8	2857
20.9	2838
21	2805
21.1	2839
21.2	2885
21.3	2799
21.4	2900
21.5	2872
21.6	2714
21.7	2736
21.8	2741
21.9	2623
22	2533
22.1	2437
22.2	2460
22.3	2456
22.4	2361
22.5	2326
22.6	2251
22.7	2334
22.8	2252
22.9	2192
23	2230
23.1	2258
23.2	2224
23.3	2220
23.4	2256
23.5	2282
23.6	2354
23.7	2299
23.8	2352
23.9	2443
24	2460
24.1	2514
24.2	2499
24.3	2544
24.4	2618
24.5	2662
24.6	2647
24.7	2686
24.8	2750
24.9	2770
25	2723
25.1	2637
25.2	2662
25.3	2741
25.4	2599
25.5	2637
25.6	2480
25.7	2452
25.8	2306
25.9	2337
26	2252
26.1	2141
26.2	2120
26.3	2037
26.4	1869
26.5	1903
26.6	1795
26.7	1681
26.8	1618
26.9	1583
27	1452
27.1	1415
27.2	1365
27.3	1333
27.4	1272
27.5	1274
27.6	1189
27.7	1201
27.8	1154
27.9	1222
28	1201
28.1	1131
28.2	1120
28.3	1073
28.4	1043
28.5	1018
28.6	1046
28.7	1009
28.8	1042
28.9	1017
29	989
29.1	1028
29.2	1020
29.3	1011
29.4	941
29.5	1008
29.6	971
29.7	987
29.8	963
29.9	953
30	900
30.1	896
30.2	969
30.3	943
30.4	916
30.5	902
30.6	924
30.7	890
30.8	842
30.9	906
31	897
31.1	923
31.2	910
31.3	868
31.4	906
31.5	876
31.6	902
31.7	877
31.8	864
31.9	888
32	829
32.1	856
32.2	855
32.3	809
32.4	861
32.5	859
32.6	851
32.7	868
32.8	854
32.9	813
33	866
33.1	796
33.2	877
33.3	825
33.4	893
33.5	875
33.6	804
33.7	861
33.8	782
33.9	835
34	790
34.1	861
34.2	805
34.3	817
34.4	887
34.5	864
34.6	847
34.7	802
34.8	858
34.9	790
35	805
35.1	841
35.2	805
35.3	834
35.4	797
35.5	803
35.6	844
35.7	891
35.8	741
35.9	840
36	791
36.1	783
36.2	782
36.3	822
36.4	833
36.5	803
36.6	761
36.7	808
36.8	849
36.9	838
37	820
37.1	762
37.2	852
37.3	830
37.4	877
37.5	784
37.6	799
37.7	809
37.8	763
37.9	834
38	831
38.1	818
38.2	848
38.3	861
38.4	818
38.5	845
38.6	795
38.7	837
38.8	834
38.9	837
39	809
39.1	873
39.2	905
39.3	927
39.4	857
39.5	867
39.6	926
39.7	881
39.8	928
39.9	920
40	942
40.1	965
40.2	1029
40.3	1047
40.4	990
40.5	1030
40.6	1048
40.7	1033
40.8	1025
40.9	1134
41	1119
41.1	1161
41.2	1161
41.3	1153
41.4	1146
41.5	1144
41.6	1174
41.7	1275
41.8	1202
41.9	1201
42	1272
42.1	1313
42.2	1266
42.3	1266
42.4	1272
42.5	1231
42.6	1319
42.7	1186
42.8	1275
42.9	1242
43	1183
43.1	1239
43.2	1189
43.3	1237
43.4	1106
43.5	1156
43.6	1162
43.7	1112
43.8	1131
43.9	1051
44	1071
44.1	1029
44.2	1005
44.3	896
44.4	928
44.5	856
44.6	861
44.7	805
44.8	813
44.9	808
45	722
45.1	791
45.2	714
45.3	713
45.4	680
45.5	632
45.6	629
45.7	628
45.8	631
45.9	660
46	627
46.1	660
46.2	557
46.3	609
46.4	583
46.5	543
46.6	562
46.7	592
46.8	594
46.9	506
47	519
47.1	540
47.2	562
47.3	499
47.4	565
47.5	588
47.6	557
47.7	506
47.8	522
47.9	533
48	491
48.1	527
48.2	468
48.3	488
48.4	465
48.5	488
48.6	538
48.7	498
48.8	504
48.9	492
49	490
49.1	473
49.2	476
49.3	491
49.4	512
49.5	479
49.6	489
49.7	474
49.8	528
49.9	487
50	459
50.1	457
50.2	460
50.3	485
50.4	460
50.5	484
50.6	470
50.7	494
50.8	511
50.9	468
51	495
51.1	495
51.2	514
51.3	482
51.4	439
51.5	479
51.6	475
51.7	471
51.8	477
51.9	434
52	457
52.1	464
52.2	499
52.3	486
52.4	469
52.5	450
52.6	460
52.7	475
52.8	462
52.9	469
53	479
53.1	468
53.2	456
53.3	487
53.4	476
53.5	445
53.6	468
53.7	470
53.8	462
53.9	452
54	472
54.1	441
54.2	417
54.3	441
54.4	453
54.5	455
54.6	475
54.7	443
54.8	486
54.9	463
55	458
55.1	420
55.2	420
55.3	387
55.4	448
55.5	440
55.6	430
55.7	427
55.8	440
55.9	443
56	363
56.1	385
56.2	443
56.3	390
56.4	426
56.5	395
56.6	391
56.7	418
56.8	408
56.9	387
57	435
57.1	395
57.2	454
57.3	403
57.4	357
57.5	396
57.6	387
57.7	362
57.8	391
57.9	390
58	361
58.1	360
58.2	406
58.3	364
58.4	389
58.5	364
58.6	366
58.7	354
58.8	383
58.9	346
59	354
59.1	348
59.2	375
59.3	368
59.4	352
59.5	371
59.6	345
59.7	369
59.8	379
59.9	352
60	372
60.1	343
60.2	344
60.3	340
60.4	333
60.5	342
60.6	351
60.7	345
60.8	336
60.9	346
61	338
61.1	327
61.2	363
61.3	343
61.4	330
61.5	373
61.6	338
61.7	360
61.8	370
61.9	342
62	358
62.1	313
62.2	360
62.3	329
62.4	345
62.5	347
62.6	343
62.7	343
62.8	308
62.9	329
63	356
63.1	346
63.2	344
63.3	339
63.4	314
63.5	333
63.6	360
63.7	349
63.8	362
63.9	318
64	297
64.1	339
64.2	295
64.3	355
64.4	334
64.5	356
64.6	329
64.7	337
64.8	318
64.9	305
65	347
65.1	337
65.2	354
65.3	333
65.4	352
65.5	335
65.6	329
65.7	370
65.8	310
65.9	342
66	335
66.1	311
66.2	274
66.3	330
66.4	318
66.5	292
66.6	322
66.7	312
66.8	322
66.9	312
67	321
67.1	332
67.2	316
67.3	318
67.4	295
67.5	314
67.6	345
67.7	312
67.8	316
67.9	275
68	327
68.1	306
68.2	322
68.3	293
68.4	273
68.5	300
68.6	282
68.7	294
68.8	297
68.9	281
69	311
69.1	317
69.2	310
69.3	363
69.4	322
69.5	294
69.6	276
69.7	311
69.8	333
69.9	313
70	311
70.1	290
70.2	306
70.3	314
70.4	326
70.5	293
70.6	324
70.7	311
70.8	358
70.9	325
71	293
71.1	301
71.2	327
71.3	300
71.4	301
71.5	325
71.6	294
71.7	336
71.8	322
71.9	298
72	328
72.1	349
72.2	319
72.3	314
72.4	275
72.5	342
72.6	328
72.7	332
72.8	338
72.9	328
73	339
73.1	349
73.2	365
73.3	382
73.4	335
73.5	320
73.6	353
73.7	379
73.8	370
73.9	372
74	349
74.1	384
74.2	361
74.3	382
74.4	358
74.5	389
74.6	379
74.7	383
74.8	356
74.9	346
75	386
75.1	390
75.2	402
75.3	385
75.4	396
75.5	406
75.6	385
75.7	403
75.8	392
75.9	399
76	403
76.1	390
76.2	363
76.3	403
76.4	401
76.5	380
76.6	393
76.7	376
76.8	373
76.9	365
77	393
77.1	359
77.2	363
77.3	339
77.4	340
77.5	341
77.6	361
77.7	347
77.8	354
77.9	354
78	314
78.1	332
78.2	332
78.3	345
78.4	318
78.5	313
78.6	263
78.7	278
78.8	298
78.9	304
79	329
79.1	321
79.2	269
79.3	291
79.4	298
79.5	307
79.6	284
79.7	323
79.8	292
79.9	334
80	299
80.1	281
80.2	268
80.3	281
80.4	303
80.5	334
80.6	319
80.7	306
80.8	297
80.9	296
81	305
81.1	303
81.2	284
81.3	289
81.4	311
81.5	296
81.6	296
81.7	296
81.8	303
81.9	314
82	326
82.1	318
82.2	286
82.3	294
82.4	276
82.5	327
82.6	306
82.7	277
82.8	289
82.9	280
83	257
83.1	321
83.2	292
83.3	265
83.4	275
83.5	261
83.6	281
83.7	283
83.8	276
83.9	275
84	287
84.1	290
84.2	261
84.3	291
84.4	284
84.5	242
84.6	268
84.7	270
84.8	264
84.9	275
85	297
85.1	289
85.2	279
85.3	268
85.4	283
85.5	235
85.6	256
85.7	268
85.8	285
85.9	271
86	239
86.1	241
86.2	248
86.3	285
86.4	244
86.5	253
86.6	259
86.7	302
86.8	264
86.9	301
87	265
87.1	287
87.2	286
87.3	272
87.4	268
87.5	270
87.6	262
87.7	274
87.8	278
87.9	294
88	255
88.1	292
88.2	238
88.3	266
88.4	263
88.5	255
88.6	287
88.7	271
88.8	268
88.9	283
89	262
89.1	245
89.2	264
89.3	261
89.4	249
89.5	256
89.6	256
89.7	238
89.8	250
89.9	248
90	237
90.1	254
90.2	239
90.3	266
90.4	247
90.5	243
90.6	247
90.7	232
90.8	243
90.9	229
91	233
91.1	230
91.2	260
91.3	236
91.4	261
91.5	241
91.6	217
91.7	223
91.8	215
91.9	224
92	218
92.1	236
92.2	251
92.3	218
92.4	238
92.5	218
92.6	233
92.7	231
92.8	212
92.9	222
93	199
93.1	189
93.2	216
93.3	236
93.4	206
93.5	202
93.6	212
93.7	229
93.8	220
93.9	204
94	171
94.1	206
94.2	193
94.3	206
94.4	193
94.5	202
94.6	205
94.7	191
94.8	177
94.9	174
95	213
95.1	189
95.2	189
95.3	209
95.4	173
95.5	208
95.6	198
95.7	184
95.8	179
95.9	174
96	168
96.1	159
96.2	190
96.3	169
96.4	184
96.5	187
96.6	188
96.7	170
96.8	175
96.9	180
97	147
97.1	176
97.2	183
97.3	150
97.4	193
97.5	193
97.6	174
97.7	173
97.8	167
97.9	157
98	175
98.1	189
98.2	171
98.3	174
98.4	176
98.5	182
98.6	186
98.7	170
98.8	172
98.9	142
99	182
99.1	187
99.2	194
99.3	191
99.4	170
99.5	190
99.6	158
99.7	182
99.8	201
99.9	157
100	157
100.1	193
100.2	196
100.3	179
100.4	178
100.5	183
100.6	207
100.7	196
100.8	195
100.9	196
101	205
101.1	200
101.2	218
101.3	227
101.4	220
101.5	193
101.6	201
101.7	218
101.8	187
101.9	221
102	203
102.1	236
102.2	245
102.3	201
102.4	222
102.5	191
102.6	202
102.7	209
102.8	188
102.9	210
103	208
103.1	187
103.2	191
103.3	192
103.4	183
103.5	203
103.6	148
103.7	177
103.8	182
103.9	174
104	169
104.1	172
104.2	143
104.3	153
104.4	153
104.5	145
104.6	139
104.7	143
104.8	144
104.9	142
105	132
105.1	124
105.2	137
105.3	131
105.4	110
105.5	138
105.6	150
105.7	114
105.8	119
105.9	114
106	129
106.1	124
106.2	107
106.3	113
106.4	112
106.5	113
106.6	115
106.7	114
106.8	106
106.9	116
107	124
107.1	118
107.2	104
107.3	104
107.4	111
107.5	97
107.6	112
107.7	91
107.8	112
107.9	93
108	93
108.1	95
108.2	80
108.3	93
108.4	85
108.5	78
108.6	93
108.7	99
108.8	97
108.9	93
109	86
109.1	78
109.2	89
109.3	71
109.4	86
109.5	96
109.6	75
109.7	84
109.8	97
109.9	85
110	82
110.1	79
110.2	73
110.3	82
110.4	82
110.5	85
110.6	71
110.7	87
110.8	75
110.9	64
111	74
111.1	61
111.2	66
111.3	72
111.4	80
111.5	66
111.6	72
111.7	68
111.8	72
111.9	78
112	62
112.1	76
112.2	84
112.3	68
112.4	80
112.5	76
112.6	79
112.7	73
112.8	86
112.9	69
113	83
113.1	72
113.2	78
113.3	69
113.4	78
113.5	63
113.6	73
113.7	94
113.8	86
113.9	69
114	77
114.1	76
114.2	75
114.3	102
114.4	101
114.5	84
114.6	82
114.7	88
114.8	88
114.9	83
115	85
115.1	77
115.2	72
115.3	92
115.4	81
115.5	90
115.6	78
115.7	85
115.8	93
115.9	63
116	80
116.1	91
116.2	85
116.3	80
116.4	82
116.5	84
116.6	70
116.7	80
116.8	77
116.9	64
117	76
117.1	73
117.2	67
117.3	78
117.4	71
117.5	64
117.6	69
117.7	63
117.8	70
117.9	52
118	61
118.1	71
118.2	56
118.3	50
118.4	53
118.5	50
118.6	51
118.7	59
118.8	41
118.9	60
119	48
119.1	50
119.2	61
119.3	44
119.4	40
119.5	50
119.6	44
119.7	49
119.8	56
119.9	56
120	60
120.1	44
120.2	46
120.3	38
120.4	49
120.5	46
120.6	39
120.7	48
120.8	48
120.9	43
121	52
121.1	43
121.2	42
121.3	51
121.4	51
121.5	35
121.6	43
121.7	39
121.8	29
121.9	42
122	45
122.1	45
122.2	40
122.3	54
122.4	33
122.5	43
122.6	44
122.7	47
122.8	49
122.9	33
123	34
123.1	38
123.2	26
123.3	29
123.4	35
123.5	40
123.6	37
123.7	38
123.8	42
123.9	36
124	28
124.1	34
124.2	30
124.3	34
124.4	29
124.5	45
124.6	25
124.7	29
124.8	36
124.9	36
125	32
125.1	37
125.2	19
125.3	29
125.4	24
125.5	33
125.6	28
125.7	33
125.8	36
125.9	30
126	19
126.1	25
126.2	25
126.3	35
126.4	32
126.5	24
126.6	37
126.7	32
126.8	30
126.9	28
127	23
127.1	31
127.2	29
127.3	27
127.4	21
127.5	33
127.6	19
127.7	35
127.8	24
127.9	19
128	18
128.1	24
128.2	29
128.3	30
128.4	30
128.5	13
128.6	23
128.7	24
128.8	16
128.9	15
129	17
129.1	26
129.2	24
129.3	19
129.4	16
129.5	21
129.6	18
129.7	19
129.8	21
129.9	23
130	24
130.1	17
130.2	20
130.3	23
130.4	18
130.5	20
130.6	20
130.7	21
130.8	17
130.9	10
131	22
131.1	19
131.2	18
131.3	17
131.4	22
131.5	20
131.6	17
131.7	9
131.8	15
131.9	18
132	12
132.1	21
132.2	21
132.3	20
132.4	20
132.5	15
132.6	17
132.7	23
132.8	20
132.9	15
133	18
133.1	13
133.2	11
133.3	18
133.4	17
133.5	13
133.6	21
133.7	11
133.8	18
133.9	18
134	15
134.1	17
134.2	7
134.3	13
134.4	11
134.5	6
134.6	16
134.7	18
134.8	19
134.9	11
135	10
135.1	14
135.2	8
135.3	11
135.4	10
135.5	3
135.6	9
135.7	13
135.8	9
135.9	7
136	14
136.1	7
136.2	7
136.3	7
136.4	11
136.5	13
136.6	12
136.7	11
136.8	10
136.9	6
137	10
137.1	6
137.2	7
137.3	8
137.4	14
137.5	9
137.6	4
137.7	5
137.8	11
137.9	6
138	5
138.1	11
138.2	10
138.3	6
138.4	10
138.5	4
138.6	8
138.7	7
138.8	4
138.9	10
139	10
139.1	6
139.2	4
139.3	9
139.4	8
139.5	6
139.6	7
139.7	5
139.8	4
139.9	3
140	8
140.1	5
140.2	3
140.3	6
140.4	8
140.5	1
140.6	5
140.7	1
140.8	4
140.9	7
141	4
141.1	3
141.2	5
141.3	4
141.4	6
141.5	4
141.6	4
141.7	3
141.8	2
141.9	5
142	4
142.1	1
142.2	0
142.3	3
142.4	4
142.5	4
142.6	0
142.7	0
142.8	1
142.9	6
143	2
143.1	1
143.2	5
143.3	1
143.4	1
143.5	2
143.6	0
143.7	2
143.8	1
143.9	1
144	0
144.1	1
144.2	1
144.3	0
144.4	0
144.5	0
144.6	1
144.7	0
144.8	2
144.9	2
145	1
145.1	4
145.2	1
145.3	3
145.4	1
145.5	2
145.6	1
145.7	0
145.8	0
145.9	1
146	0
146.1	1
146.2	1
146.3	1
146.4	2
146.5	0
146.6	1
146.7	0
146.8	1
146.9	0
147	1
147.1	0
147.2	0
147.3	2
147.4	0
147.5	1
147.6	1
147.7	0
147.8	0
147.9	0
148	0
148.1	1
148.2	0
148.3	0
148.4	0
148.5	0
148.6	0
148.7	0
148.8	0
148.9	0
149	0
149.1	0
149.2	0
149.3	0
149.4	0
149.5	0
149.6	0
149.7	0
149.8	0
149.9	0
150	0
150.1	0
150.2	0
150.3	1
150.4	0
150.5	0
150.6	0
150.7	0
150.8	0
150.9	0
151	0
151.1	1
151.2	0
151.3	0
151.4	0
151.5	0
151.6	1
151.7	0
151.8	0
151.9	0
152	0
152.1	0
152.2	0
152.3	0
152.4	0
152.5	0
152.6	0
152.7	1
